00000: 4C 6F 72 65 6D 20 49 70 73 75 6D 0D 0A 22 4E 65 
00010: 71 75 65 20 70 6F 72 72 6F 20 71 75 69 73 71 75 
00020: 61 6D 20 65 73 74 20 71 75 69 20 64 6F 6C 6F 72 
00030: 65 6D 20 69 70 73 75 6D 20 71 75 69 61 20 64 6F 
00040: 6C 6F 72 20 73 69 74 20 61 6D 65 74 2C 20 63 6F 
00050: 6E 73 65 63 74 65 74 75 72 2C 20 61 64 69 70 69 
00060: 73 63 69 20 76 65 6C 69 74 2E 2E 2E 22 0D 0A 22 
00070: 54 68 65 72 65 20 69 73 20 6E 6F 20 6F 6E 65 20 
00080: 77 68 6F 20 6C 6F 76 65 73 20 70 61 69 6E 20 69 
00090: 74 73 65 6C 66 2C 20 77 68 6F 20 73 65 65 6B 73 
000A0: 20 61 66 74 65 72 20 69 74 20 61 6E 64 20 77 61 
000B0: 6E 74 73 20 74 6F 20 68 61 76 65 20 69 74 2C 20 
000C0: 73 69 6D 70 6C 79 20 62 65 63 61 75 73 65 20 69 
000D0: 74 20 69 73 20 70 61 69 6E 2E 2E 2E 22 0D 0A 4C 
000E0: 6F 72 65 6D 20 69 70 73 75 6D 20 64 6F 6C 6F 72 
000F0: 20 73 69 74 20 61 6D 65 74 2C 20 63 6F 6E 73 65 
00100: 63 74 65 74 75 72 20 61 64 69 70 69 73 63 69 6E 
00110: 67 20 65 6C 69 74 2E 20 44 75 69 73 20 76 65 6C 
00120: 20 72 69 73 75 73 20 6E 69 73 69 2E 20 50 65 6C 
00130: 6C 65 6E 74 65 73 71 75 65 20 65 6C 65 69 66 65 
00140: 6E 64 20 6D 6F 6C 65 73 74 69 65 20 6E 69 62 68 
00150: 2C 20 73 65 64 20 72 75 74 72 75 6D 20 65 78 20 
00160: 67 72 61 76 69 64 61 20 75 74 2E 20 4E 75 6E 63 
00170: 20 69 64 20 6D 6F 6C 65 73 74 69 65 20 6F 72 63 
00180: 69 2E 20 4E 75 6C 6C 61 20 71 75 69 73 20 6E 69 
00190: 73 6C 20 74 65 6D 70 6F 72 2C 20 69 6E 74 65 72 
001A0: 64 75 6D 20 65 6E 69 6D 20 71 75 69 73 2C 20 73 
001B0: 6F 64 61 6C 65 73 20 6E 65 71 75 65 2E 20 4D 61 
001C0: 75 72 69 73 20 68 65 6E 64 72 65 72 69 74 20 6E 
001D0: 75 6E 63 20 65 74 20 6C 65 63 74 75 73 20 66 72 
001E0: 69 6E 67 69 6C 6C 61 2C 20 6D 61 78 69 6D 75 73 
001F0: 20 66 65 75 67 69 61 74 20 6D 61 75 72 69 73 20 
00200: 6F 72 6E 61 72 65 2E 20 4D 6F 72 62 69 20 61 74 
00210: 20 6A 75 73 74 6F 20 73 75 73 63 69 70 69 74 20 
00220: 6A 75 73 74 6F 20 61 6C 69 71 75 61 6D 20 69 6E 
00230: 74 65 72 64 75 6D 2E 20 53 65 64 20 73 65 64 20 
00240: 6E 75 6E 63 20 65 74 20 66 65 6C 69 73 20 65 6C 
00250: 65 6D 65 6E 74 75 6D 20 66 61 75 63 69 62 75 73 
00260: 20 69 64 20 61 20 74 75 72 70 69 73 2E 20 56 69 
00270: 76 61 6D 75 73 20 61 63 20 66 65 6C 69 73 20 62 
00280: 69 62 65 6E 64 75 6D 2C 20 74 65 6D 70 6F 72 20 
00290: 74 75 72 70 69 73 20 73 65 64 2C 20 6D 61 74 74 
002A0: 69 73 20 74 65 6C 6C 75 73 2E 0D 0A 0D 0A 50 65 
002B0: 6C 6C 65 6E 74 65 73 71 75 65 20 6E 6F 6E 20 6C 
002C0: 61 63 69 6E 69 61 20 65 6C 69 74 2E 20 50 72 61 
002D0: 65 73 65 6E 74 20 76 65 6C 20 6E 65 71 75 65 20 
002E0: 61 74 20 65 72 61 74 20 70 6F 72 74 74 69 74 6F 
002F0: 72 20 76 69 76 65 72 72 61 20 65 67 65 74 20 65 
00300: 75 20 64 6F 6C 6F 72 2E 20 53 65 64 20 69 6E 20 
00310: 69 6D 70 65 72 64 69 65 74 20 6C 69 67 75 6C 61 
00320: 2C 20 71 75 69 73 20 6D 6F 6C 65 73 74 69 65 20 
00330: 61 6E 74 65 2E 20 4D 61 75 72 69 73 20 73 69 74 
00340: 20 61 6D 65 74 20 6C 61 6F 72 65 65 74 20 74 75 
00350: 72 70 69 73 2C 20 73 69 74 20 61 6D 65 74 20 76 
00360: 65 73 74 69 62 75 6C 75 6D 20 6C 65 63 74 75 73 
00370: 2E 20 4E 75 6E 63 20 6E 65 63 20 73 61 70 69 65 
00380: 6E 20 74 65 6C 6C 75 73 2E 20 45 74 69 61 6D 20 
00390: 64 69 63 74 75 6D 20 64 69 61 6D 20 65 67 65 74 
003A0: 20 73 61 70 69 65 6E 20 67 72 61 76 69 64 61 20 
003B0: 69 6E 74 65 72 64 75 6D 20 75 74 20 6E 65 63 20 
003C0: 74 65 6C 6C 75 73 2E 20 50 65 6C 6C 65 6E 74 65 
003D0: 73 71 75 65 20 6D 61 74 74 69 73 20 6D 65 74 75 
003E0: 73 20 61 63 20 66 65 6C 69 73 20 63 6F 6D 6D 6F 
003F0: 64 6F 20 61 6C 69 71 75 65 74 2E 20 4E 61 6D 20 
00400: 68 65 6E 64 72 65 72 69 74 20 65 75 20 74 75 72 
00410: 70 69 73 20 6E 65 63 20 66 61 75 63 69 62 75 73 
00420: 2E 20 4E 75 6E 63 20 75 74 20 61 72 63 75 20 75 
00430: 72 6E 61 2E 20 4E 75 6E 63 20 73 75 73 63 69 70 
00440: 69 74 20 74 69 6E 63 69 64 75 6E 74 20 6E 69 73 
00450: 6C 2C 20 69 6D 70 65 72 64 69 65 74 20 64 61 70 
00460: 69 62 75 73 20 65 72 61 74 2E 20 53 65 64 20 61 
00470: 75 63 74 6F 72 20 73 61 70 69 65 6E 20 69 64 20 
00480: 64 69 61 6D 20 66 72 69 6E 67 69 6C 6C 61 2C 20 
00490: 61 20 66 69 6E 69 62 75 73 20 65 73 74 20 63 6F 
004A0: 6D 6D 6F 64 6F 2E 20 4E 75 6C 6C 61 6D 20 64 69 
004B0: 63 74 75 6D 20 63 6F 6D 6D 6F 64 6F 20 66 61 75 
004C0: 63 69 62 75 73 2E 20 44 6F 6E 65 63 20 6E 75 6C 
004D0: 6C 61 20 6D 61 75 72 69 73 2C 20 72 68 6F 6E 63 
004E0: 75 73 20 66 72 69 6E 67 69 6C 6C 61 20 76 65 6E 
004F0: 65 6E 61 74 69 73 20 73 65 64 2C 20 70 75 6C 76 
00500: 69 6E 61 72 20 65 67 65 74 20 64 6F 6C 6F 72 2E 
00510: 20 4D 6F 72 62 69 20 76 75 6C 70 75 74 61 74 65 
00520: 20 61 6E 74 65 20 73 65 64 20 65 75 69 73 6D 6F 
00530: 64 20 76 65 73 74 69 62 75 6C 75 6D 2E 20 56 65 
00540: 73 74 69 62 75 6C 75 6D 20 61 6E 74 65 20 69 70 
00550: 73 75 6D 20 70 72 69 6D 69 73 20 69 6E 20 66 61 
00560: 75 63 69 62 75 73 20 6F 72 63 69 20 6C 75 63 74 
00570: 75 73 20 65 74 20 75 6C 74 72 69 63 65 73 20 70 
00580: 6F 73 75 65 72 65 20 63 75 62 69 6C 69 61 20 63 
00590: 75 72 61 65 3B 20 4E 61 6D 20 6D 6F 6C 6C 69 73 
005A0: 20 76 6F 6C 75 74 70 61 74 20 72 69 73 75 73 20 
005B0: 76 65 6C 20 63 6F 6E 67 75 65 2E 0D 0A 0D 0A 50 
005C0: 68 61 73 65 6C 6C 75 73 20 76 69 76 65 72 72 61 
005D0: 20 61 63 20 76 65 6C 69 74 20 61 63 20 61 75 63 
005E0: 74 6F 72 2E 20 50 72 61 65 73 65 6E 74 20 66 65 
005F0: 75 67 69 61 74 20 70 6C 61 63 65 72 61 74 20 6C 
00600: 69 67 75 6C 61 2E 20 53 65 64 20 73 69 74 20 61 
00610: 6D 65 74 20 73 65 6D 70 65 72 20 74 6F 72 74 6F 
00620: 72 2E 20 4E 75 6E 63 20 61 74 20 6E 69 73 6C 20 
00630: 69 6E 20 6C 61 63 75 73 20 6C 6F 62 6F 72 74 69 
00640: 73 20 6D 61 78 69 6D 75 73 2E 20 55 74 20 6C 6F 
00650: 72 65 6D 20 72 69 73 75 73 2C 20 73 6F 6C 6C 69 
00660: 63 69 74 75 64 69 6E 20 76 69 74 61 65 20 61 6C 
00670: 69 71 75 61 6D 20 75 6C 6C 61 6D 63 6F 72 70 65 
00680: 72 2C 20 66 65 75 67 69 61 74 20 73 65 64 20 71 
00690: 75 61 6D 2E 20 53 65 64 20 76 65 6E 65 6E 61 74 
006A0: 69 73 20 65 73 74 20 6D 6F 6C 6C 69 73 20 65 78 
006B0: 20 69 6D 70 65 72 64 69 65 74 2C 20 69 64 20 66 
006C0: 69 6E 69 62 75 73 20 6D 69 20 6D 6F 6C 6C 69 73 
006D0: 2E 20 46 75 73 63 65 20 73 65 6D 20 65 72 6F 73 
006E0: 2C 20 76 75 6C 70 75 74 61 74 65 20 69 64 20 65 
006F0: 72 61 74 20 6E 6F 6E 2C 20 61 6C 69 71 75 61 6D 
00700: 20 6D 6F 6C 65 73 74 69 65 20 70 75 72 75 73 2E 
00710: 20 4E 75 6C 6C 61 6D 20 6D 61 78 69 6D 75 73 20 
00720: 76 61 72 69 75 73 20 6E 69 73 69 20 73 65 64 20 
00730: 76 65 68 69 63 75 6C 61 2E 20 45 74 69 61 6D 20 
00740: 61 63 63 75 6D 73 61 6E 20 64 75 69 20 71 75 69 
00750: 73 20 73 65 6D 20 62 6C 61 6E 64 69 74 20 65 67 
00760: 65 73 74 61 73 2E 0D 0A 0D 0A 45 74 69 61 6D 20 
00770: 76 65 6C 20 72 69 73 75 73 20 6D 61 73 73 61 2E 
00780: 20 43 75 72 61 62 69 74 75 72 20 76 65 6C 20 6F 
00790: 72 63 69 20 65 66 66 69 63 69 74 75 72 2C 20 70 
007A0: 6F 72 74 61 20 73 61 70 69 65 6E 20 71 75 69 73 
007B0: 2C 20 6D 61 6C 65 73 75 61 64 61 20 6D 61 75 72 
007C0: 69 73 2E 20 50 72 61 65 73 65 6E 74 20 63 75 72 
007D0: 73 75 73 2C 20 71 75 61 6D 20 69 6E 20 66 61 75 
007E0: 63 69 62 75 73 20 72 75 74 72 75 6D 2C 20 61 75 
007F0: 67 75 65 20 73 65 6D 20 74 69 6E 63 69 64 75 6E 
00800: 74 20 6D 61 75 72 69 73 2C 20 69 6E 20 65 67 65 
00810: 73 74 61 73 20 69 70 73 75 6D 20 61 6E 74 65 20 
00820: 65 67 65 74 20 6D 69 2E 20 50 65 6C 6C 65 6E 74 
00830: 65 73 71 75 65 20 61 63 20 61 6E 74 65 20 63 6F 
00840: 6E 76 61 6C 6C 69 73 2C 20 63 75 72 73 75 73 20 
00850: 6C 6F 72 65 6D 20 65 75 2C 20 76 65 6E 65 6E 61 
00860: 74 69 73 20 64 75 69 2E 20 49 6E 74 65 72 64 75 
00870: 6D 20 65 74 20 6D 61 6C 65 73 75 61 64 61 20 66 
00880: 61 6D 65 73 20 61 63 20 61 6E 74 65 20 69 70 73 
00890: 75 6D 20 70 72 69 6D 69 73 20 69 6E 20 66 61 75 
008A0: 63 69 62 75 73 2E 20 53 75 73 70 65 6E 64 69 73 
008B0: 73 65 20 61 6E 74 65 20 74 65 6C 6C 75 73 2C 20 
008C0: 61 6C 69 71 75 65 74 20 69 6E 20 61 6E 74 65 20 
008D0: 73 65 64 2C 20 63 75 72 73 75 73 20 76 6F 6C 75 
008E0: 74 70 61 74 20 6E 69 73 69 2E 20 49 6E 74 65 67 
008F0: 65 72 20 72 68 6F 6E 63 75 73 20 65 67 65 73 74 
00900: 61 73 20 6D 61 75 72 69 73 2C 20 65 74 20 68 65 
00910: 6E 64 72 65 72 69 74 20 65 72 61 74 20 67 72 61 
00920: 76 69 64 61 20 65 75 2E 20 43 75 72 61 62 69 74 
00930: 75 72 20 72 68 6F 6E 63 75 73 2C 20 6E 69 62 68 
00940: 20 61 74 20 68 65 6E 64 72 65 72 69 74 20 6C 6F 
00950: 62 6F 72 74 69 73 2C 20 6E 69 73 6C 20 66 65 6C 
00960: 69 73 20 65 67 65 73 74 61 73 20 69 70 73 75 6D 
00970: 2C 20 75 74 20 75 6C 74 72 69 63 69 65 73 20 69 
00980: 70 73 75 6D 20 6C 6F 72 65 6D 20 69 6E 20 73 65 
00990: 6D 2E 20 41 6C 69 71 75 61 6D 20 62 6C 61 6E 64 
009A0: 69 74 20 74 65 6C 6C 75 73 20 65 74 20 76 69 76 
009B0: 65 72 72 61 20 70 6F 72 74 74 69 74 6F 72 2E 20 
009C0: 45 74 69 61 6D 20 76 65 73 74 69 62 75 6C 75 6D 
009D0: 20 75 74 20 64 69 61 6D 20 73 69 74 20 61 6D 65 
009E0: 74 20 63 6F 6E 73 65 63 74 65 74 75 72 2E 0D 0A 
009F0: 0D 0A 50 68 61 73 65 6C 6C 75 73 20 66 72 69 6E 
00A00: 67 69 6C 6C 61 20 63 6F 6E 73 65 71 75 61 74 20 
00A10: 65 78 2E 20 49 6E 74 65 67 65 72 20 69 64 20 63 
00A20: 6F 6E 73 65 63 74 65 74 75 72 20 6E 75 6C 6C 61 
00A30: 2C 20 73 65 64 20 74 72 69 73 74 69 71 75 65 20 
00A40: 6E 69 62 68 2E 20 43 6C 61 73 73 20 61 70 74 65 
00A50: 6E 74 20 74 61 63 69 74 69 20 73 6F 63 69 6F 73 
00A60: 71 75 20 61 64 20 6C 69 74 6F 72 61 20 74 6F 72 
00A70: 71 75 65 6E 74 20 70 65 72 20 63 6F 6E 75 62 69 
00A80: 61 20 6E 6F 73 74 72 61 2C 20 70 65 72 20 69 6E 
00A90: 63 65 70 74 6F 73 20 68 69 6D 65 6E 61 65 6F 73 
00AA0: 2E 20 53 65 64 20 73 65 6D 70 65 72 2C 20 6D 61 
00AB0: 67 6E 61 20 61 74 20 67 72 61 76 69 64 61 20 73 
00AC0: 65 6D 70 65 72 2C 20 74 6F 72 74 6F 72 20 61 72 
00AD0: 63 75 20 6C 61 6F 72 65 65 74 20 72 69 73 75 73 
00AE0: 2C 20 6E 6F 6E 20 6D 61 74 74 69 73 20 6C 6F 72 
00AF0: 65 6D 20 64 69 61 6D 20 63 6F 6D 6D 6F 64 6F 20 
00B00: 65 6E 69 6D 2E 20 53 75 73 70 65 6E 64 69 73 73 
00B10: 65 20 70 6F 74 65 6E 74 69 2E 20 4E 75 6C 6C 61 
00B20: 6D 20 75 6C 6C 61 6D 63 6F 72 70 65 72 20 64 6F 
00B30: 6C 6F 72 20 6E 75 6E 63 2E 20 4D 61 65 63 65 6E 
00B40: 61 73 20 73 6F 64 61 6C 65 73 20 6E 65 63 20 6D 
00B50: 69 20 69 64 20 63 75 72 73 75 73 2E 20 53 65 64 
00B60: 20 71 75 69 73 20 6C 61 63 75 73 20 6D 65 74 75 
00B70: 73 2E 20 50 72 61 65 73 65 6E 74 20 67 72 61 76 
00B80: 69 64 61 20 65 75 20 61 75 67 75 65 20 75 74 20 
00B90: 6D 61 74 74 69 73 2E 20 50 65 6C 6C 65 6E 74 65 
00BA0: 73 71 75 65 20 73 65 64 20 65 73 74 20 65 75 20 
00BB0: 64 75 69 20 65 75 69 73 6D 6F 64 20 76 65 73 74 
00BC0: 69 62 75 6C 75 6D 20 65 75 20 61 20 6E 69 73 69 
00BD0: 2E 20 4D 61 65 63 65 6E 61 73 20 76 69 74 61 65 
00BE0: 20 61 6E 74 65 20 76 69 74 61 65 20 6E 75 6E 63 
00BF0: 20 74 69 6E 63 69 64 75 6E 74 20 65 6C 65 6D 65 
00C00: 6E 74 75 6D 20 61 74 20 65 67 65 74 20 76 65 6C 
00C10: 69 74 2E 20 50 65 6C 6C 65 6E 74 65 73 71 75 65 
00C20: 20 68 61 62 69 74 61 6E 74 20 6D 6F 72 62 69 20 
00C30: 74 72 69 73 74 69 71 75 65 20 73 65 6E 65 63 74 
00C40: 75 73 20 65 74 20 6E 65 74 75 73 20 65 74 20 6D 
00C50: 61 6C 65 73 75 61 64 61 20 66 61 6D 65 73 20 61 
00C60: 63 20 74 75 72 70 69 73 20 65 67 65 73 74 61 73 
00C70: 2E 20 53 75 73 70 65 6E 64 69 73 73 65 20 74 6F 
00C80: 72 74 6F 72 20 6F 64 69 6F 2C 20 70 6C 61 63 65 
00C90: 72 61 74 20 75 74 20 69 70 73 75 6D 20 69 64 2C 
00CA0: 20 70 6C 61 63 65 72 61 74 20 76 65 6E 65 6E 61 
00CB0: 74 69 73 20 75 72 6E 61 2E 20 44 6F 6E 65 63 20 
00CC0: 61 20 65 72 61 74 20 65 67 65 73 74 61 73 20 74 
00CD0: 75 72 70 69 73 20 63 6F 6E 73 65 71 75 61 74 20 
00CE0: 69 61 63 75 6C 69 73 2E 20 45 74 69 61 6D 20 73 
00CF0: 65 64 20 63 6F 6E 73 65 63 74 65 74 75 72 20 6C 
00D00: 61 63 75 73 2E 20 4E 75 6E 63 20 61 6E 74 65 20 
00D10: 61 72 63 75 2C 20 72 75 74 72 75 6D 20 65 74 20 
00D20: 61 75 67 75 65 20 71 75 69 73 2C 20 68 65 6E 64 
00D30: 72 65 72 69 74 20 74 69 6E 63 69 64 75 6E 74 20 
00D40: 61 75 67 75 65 2E 0D 0A 0D 0A 46 75 73 63 65 20 
00D50: 76 65 6C 20 71 75 61 6D 20 6E 6F 6E 20 73 65 6D 
00D60: 20 66 65 75 67 69 61 74 20 62 6C 61 6E 64 69 74 
00D70: 2E 20 4E 75 6C 6C 61 20 65 75 20 74 65 6C 6C 75 
00D80: 73 20 73 61 70 69 65 6E 2E 20 53 65 64 20 73 6F 
00D90: 64 61 6C 65 73 20 61 6E 74 65 20 76 65 6C 20 61 
00DA0: 75 67 75 65 20 76 6F 6C 75 74 70 61 74 20 73 63 
00DB0: 65 6C 65 72 69 73 71 75 65 2E 20 44 75 69 73 20 
00DC0: 70 72 65 74 69 75 6D 2C 20 6E 69 73 6C 20 76 65 
00DD0: 6C 20 70 68 61 72 65 74 72 61 20 72 68 6F 6E 63 
00DE0: 75 73 2C 20 64 6F 6C 6F 72 20 6C 65 63 74 75 73 
00DF0: 20 64 69 67 6E 69 73 73 69 6D 20 72 69 73 75 73 
00E00: 2C 20 65 75 20 61 63 63 75 6D 73 61 6E 20 6C 69 
00E10: 62 65 72 6F 20 65 72 6F 73 20 69 64 20 64 69 61 
00E20: 6D 2E 20 46 75 73 63 65 20 65 74 20 6C 69 62 65 
00E30: 72 6F 20 66 65 6C 69 73 2E 20 43 72 61 73 20 75 
00E40: 6C 74 72 69 63 69 65 73 20 69 6D 70 65 72 64 69 
00E50: 65 74 20 61 75 67 75 65 20 65 67 65 74 20 6D 6F 
00E60: 6C 65 73 74 69 65 2E 20 4E 75 6C 6C 61 6D 20 65 
00E70: 6C 65 6D 65 6E 74 75 6D 20 6C 61 63 75 73 20 61 
00E80: 63 20 61 6E 74 65 20 6D 6F 6C 65 73 74 69 65 20 
00E90: 70 6F 72 74 74 69 74 6F 72 20 76 69 74 61 65 20 
00EA0: 65 67 65 74 20 61 75 67 75 65 2E 20 50 65 6C 6C 
00EB0: 65 6E 74 65 73 71 75 65 20 68 61 62 69 74 61 6E 
00EC0: 74 20 6D 6F 72 62 69 20 74 72 69 73 74 69 71 75 
00ED0: 65 20 73 65 6E 65 63 74 75 73 20 65 74 20 6E 65 
00EE0: 74 75 73 20 65 74 20 6D 61 6C 65 73 75 61 64 61 
00EF0: 20 66 61 6D 65 73 20 61 63 20 74 75 72 70 69 73 
00F00: 20 65 67 65 73 74 61 73 2E 20 4E 75 6C 6C 61 6D 
00F10: 20 6D 61 73 73 61 20 65 6E 69 6D 2C 20 75 6C 74 
00F20: 72 69 63 65 73 20 76 69 74 61 65 20 63 6F 6E 67 
00F30: 75 65 20 65 67 65 74 2C 20 61 6C 69 71 75 65 74 
00F40: 20 6E 65 63 20 6D 65 74 75 73 2E 20 55 74 20 65 
00F50: 74 20 64 75 69 20 73 6F 6C 6C 69 63 69 74 75 64 
00F60: 69 6E 2C 20 69 61 63 75 6C 69 73 20 6D 61 67 6E 
00F70: 61 20 65 75 2C 20 62 6C 61 6E 64 69 74 20 61 75 
00F80: 67 75 65 2E 20 43 75 72 61 62 69 74 75 72 20 69 
00F90: 6E 20 64 6F 6C 6F 72 20 66 65 6C 69 73 2E 20 56 
00FA0: 69 76 61 6D 75 73 20 6C 6F 72 65 6D 20 65 6E 69 
00FB0: 6D 2C 20 6D 6F 6C 65 73 74 69 65 20 65 67 65 74 
00FC0: 20 72 68 6F 6E 63 75 73 20 65 74 2C 20 70 6F 72 
00FD0: 74 61 20 6E 6F 6E 20 6C 61 63 75 73 2E 20 56 65 
00FE0: 73 74 69 62 75 6C 75 6D 20 61 6E 74 65 20 69 70 
00FF0: 73 75 6D 20 70 72 69 6D 69 73 20 69 6E 20 66 61 
01000: 75 63 69 62 75 73 20 6F 72 63 69 20 6C 75 63 74 
01010: 75 73 20 65 74 20 75 6C 74 72 69 63 65 73 20 70 
01020: 6F 73 75 65 72 65 20 63 75 62 69 6C 69 61 20 63 
01030: 75 72 61 65 3B 0D 0A 0D 0A 46 75 73 63 65 20 76 
01040: 69 76 65 72 72 61 20 6E 69 62 68 20 74 6F 72 74 
01050: 6F 72 2C 20 75 74 20 67 72 61 76 69 64 61 20 6A 
01060: 75 73 74 6F 20 70 6F 72 74 74 69 74 6F 72 20 61 
01070: 2E 20 49 6E 74 65 67 65 72 20 65 74 20 6D 61 67 
01080: 6E 61 20 61 63 20 61 6E 74 65 20 63 75 72 73 75 
01090: 73 20 73 63 65 6C 65 72 69 73 71 75 65 2E 20 43 
010A0: 72 61 73 20 75 74 20 6C 69 62 65 72 6F 20 74 75 
010B0: 72 70 69 73 2E 20 43 75 72 61 62 69 74 75 72 20 
010C0: 73 65 64 20 65 6C 69 74 20 69 61 63 75 6C 69 73 
010D0: 2C 20 6C 61 63 69 6E 69 61 20 6C 65 6F 20 6E 65 
010E0: 63 2C 20 63 6F 6E 73 65 63 74 65 74 75 72 20 73 
010F0: 65 6D 2E 20 49 6E 20 6E 6F 6E 20 75 6C 74 72 69 
01100: 63 69 65 73 20 61 75 67 75 65 2C 20 76 65 6C 20 
01110: 66 61 63 69 6C 69 73 69 73 20 69 70 73 75 6D 2E 
01120: 20 46 75 73 63 65 20 69 64 20 73 61 70 69 65 6E 
01130: 20 65 6E 69 6D 2E 20 41 65 6E 65 61 6E 20 70 6F 
01140: 73 75 65 72 65 2C 20 65 72 6F 73 20 65 75 20 75 
01150: 6C 74 72 69 63 65 73 20 72 68 6F 6E 63 75 73 2C 
01160: 20 74 6F 72 74 6F 72 20 65 78 20 74 72 69 73 74 
01170: 69 71 75 65 20 6F 64 69 6F 2C 20 69 64 20 74 69 
01180: 6E 63 69 64 75 6E 74 20 6E 69 73 6C 20 65 6E 69 
01190: 6D 20 71 75 69 73 20 69 70 73 75 6D 2E 20 49 6E 
011A0: 20 65 67 65 73 74 61 73 20 6E 65 71 75 65 20 65 
011B0: 74 20 65 6E 69 6D 20 64 61 70 69 62 75 73 20 61 
011C0: 6C 69 71 75 61 6D 2E 20 4D 61 65 63 65 6E 61 73 
011D0: 20 75 74 20 65 67 65 73 74 61 73 20 65 72 6F 73 
011E0: 2E 20 4D 61 75 72 69 73 20 64 61 70 69 62 75 73 
011F0: 20 61 6C 69 71 75 65 74 20 6E 69 73 6C 20 65 75 
01200: 20 73 61 67 69 74 74 69 73 2E 20 4E 61 6D 20 76 
01210: 65 6C 20 70 72 65 74 69 75 6D 20 6F 64 69 6F 2E 
01220: 20 44 75 69 73 20 63 6F 6E 73 65 63 74 65 74 75 
01230: 72 20 65 78 20 61 72 63 75 2C 20 73 6F 64 61 6C 
01240: 65 73 20 74 65 6D 70 75 73 20 6C 69 67 75 6C 61 
01250: 20 6D 61 6C 65 73 75 61 64 61 20 70 6F 72 74 74 
01260: 69 74 6F 72 2E 0D 0A 0D 0A 4C 6F 72 65 6D 20 69 
01270: 70 73 75 6D 20 64 6F 6C 6F 72 20 73 69 74 20 61 
01280: 6D 65 74 2C 20 63 6F 6E 73 65 63 74 65 74 75 72 
01290: 20 61 64 69 70 69 73 63 69 6E 67 20 65 6C 69 74 
012A0: 2E 20 50 72 61 65 73 65 6E 74 20 65 67 65 74 20 
012B0: 76 65 73 74 69 62 75 6C 75 6D 20 6A 75 73 74 6F 
012C0: 2C 20 61 74 20 69 6E 74 65 72 64 75 6D 20 72 69 
012D0: 73 75 73 2E 20 56 65 73 74 69 62 75 6C 75 6D 20 
012E0: 69 70 73 75 6D 20 6D 61 67 6E 61 2C 20 6D 61 6C 
012F0: 65 73 75 61 64 61 20 65 67 65 74 20 65 6C 69 74 
01300: 20 69 64 2C 20 70 6F 73 75 65 72 65 20 66 61 63 
01310: 69 6C 69 73 69 73 20 6C 61 63 75 73 2E 20 56 69 
01320: 76 61 6D 75 73 20 61 63 20 70 6F 72 74 61 20 6C 
01330: 6F 72 65 6D 2C 20 6E 65 63 20 73 75 73 63 69 70 
01340: 69 74 20 6E 65 71 75 65 2E 20 41 65 6E 65 61 6E 
01350: 20 6E 65 63 20 61 6E 74 65 20 76 65 6C 20 75 72 
01360: 6E 61 20 74 65 6D 70 6F 72 20 61 75 63 74 6F 72 
01370: 20 61 20 61 74 20 65 6E 69 6D 2E 20 49 6E 20 68 
01380: 65 6E 64 72 65 72 69 74 20 73 65 6D 70 65 72 20 
01390: 76 65 6C 69 74 20 76 69 74 61 65 20 65 67 65 73 
013A0: 74 61 73 2E 20 56 69 76 61 6D 75 73 20 74 69 6E 
013B0: 63 69 64 75 6E 74 2C 20 6E 75 6C 6C 61 20 61 20 
013C0: 66 61 75 63 69 62 75 73 20 73 75 73 63 69 70 69 
013D0: 74 2C 20 64 75 69 20 72 69 73 75 73 20 66 61 63 
013E0: 69 6C 69 73 69 73 20 74 75 72 70 69 73 2C 20 75 
013F0: 74 20 70 65 6C 6C 65 6E 74 65 73 71 75 65 20 6C 
01400: 65 6F 20 61 75 67 75 65 20 72 68 6F 6E 63 75 73 
01410: 20 76 65 6C 69 74 2E 20 50 72 6F 69 6E 20 71 75 
01420: 69 73 20 70 75 72 75 73 20 73 65 64 20 65 72 6F 
01430: 73 20 64 69 67 6E 69 73 73 69 6D 20 72 75 74 72 
01440: 75 6D 20 76 65 6C 20 75 74 20 65 6C 69 74 2E 20 
01450: 4E 61 6D 20 71 75 61 6D 20 6E 75 6C 6C 61 2C 20 
01460: 76 75 6C 70 75 74 61 74 65 20 61 74 20 6C 61 63 
01470: 75 73 20 65 75 2C 20 76 69 76 65 72 72 61 20 66 
01480: 61 63 69 6C 69 73 69 73 20 65 6E 69 6D 2E 20 4D 
01490: 61 75 72 69 73 20 74 65 6D 70 6F 72 20 74 65 6C 
014A0: 6C 75 73 20 76 65 6C 20 73 61 67 69 74 74 69 73 
014B0: 20 6D 61 74 74 69 73 2E 20 46 75 73 63 65 20 65 
014C0: 75 20 6F 64 69 6F 20 65 6C 65 69 66 65 6E 64 20 
014D0: 69 70 73 75 6D 20 74 65 6D 70 75 73 20 61 6C 69 
014E0: 71 75 65 74 20 76 65 6C 20 75 74 20 71 75 61 6D 
014F0: 2E 20 43 72 61 73 20 64 61 70 69 62 75 73 20 72 
01500: 68 6F 6E 63 75 73 20 66 61 63 69 6C 69 73 69 73 
01510: 2E 20 4D 6F 72 62 69 20 71 75 61 6D 20 6D 61 67 
01520: 6E 61 2C 20 73 6F 6C 6C 69 63 69 74 75 64 69 6E 
01530: 20 69 64 20 6C 6F 72 65 6D 20 6E 65 63 2C 20 72 
01540: 68 6F 6E 63 75 73 20 6C 61 6F 72 65 65 74 20 65 
01550: 6E 69 6D 2E 20 44 75 69 73 20 70 65 6C 6C 65 6E 
01560: 74 65 73 71 75 65 20 65 75 20 64 75 69 20 76 69 
01570: 74 61 65 20 76 65 73 74 69 62 75 6C 75 6D 2E 20 
01580: 53 75 73 70 65 6E 64 69 73 73 65 20 75 72 6E 61 
01590: 20 65 78 2C 20 70 6C 61 63 65 72 61 74 20 65 74 
015A0: 20 75 72 6E 61 20 69 64 2C 20 66 69 6E 69 62 75 
015B0: 73 20 70 6F 73 75 65 72 65 20 73 65 6D 2E 0D 0A 
015C0: 0D 0A 53 65 64 20 67 72 61 76 69 64 61 20 74 75 
015D0: 72 70 69 73 20 73 65 64 20 6D 61 67 6E 61 20 74 
015E0: 65 6D 70 75 73 2C 20 73 65 64 20 63 6F 6E 73 65 
015F0: 71 75 61 74 20 6F 72 63 69 20 72 75 74 72 75 6D 
01600: 2E 20 46 75 73 63 65 20 6F 72 63 69 20 74 6F 72 
01610: 74 6F 72 2C 20 76 75 6C 70 75 74 61 74 65 20 61 
01620: 74 20 76 61 72 69 75 73 20 72 68 6F 6E 63 75 73 
01630: 2C 20 75 6C 74 72 69 63 65 73 20 69 64 20 65 72 
01640: 61 74 2E 20 53 75 73 70 65 6E 64 69 73 73 65 20 
01650: 65 66 66 69 63 69 74 75 72 20 64 69 61 6D 20 66 
01660: 65 75 67 69 61 74 2C 20 74 69 6E 63 69 64 75 6E 
01670: 74 20 6C 61 63 75 73 20 69 64 2C 20 70 6F 72 74 
01680: 74 69 74 6F 72 20 6E 69 73 6C 2E 20 49 6E 74 65 
01690: 67 65 72 20 75 6C 74 72 69 63 69 65 73 20 6E 75 
016A0: 6E 63 20 71 75 69 73 20 6E 69 73 69 20 64 61 70 
016B0: 69 62 75 73 20 6C 6F 62 6F 72 74 69 73 2E 20 56 
016C0: 69 76 61 6D 75 73 20 74 69 6E 63 69 64 75 6E 74 
016D0: 20 6D 61 74 74 69 73 20 6A 75 73 74 6F 2C 20 73 
016E0: 65 64 20 76 6F 6C 75 74 70 61 74 20 64 75 69 20 
016F0: 69 61 63 75 6C 69 73 20 73 6F 6C 6C 69 63 69 74 
01700: 75 64 69 6E 2E 20 53 65 64 20 65 75 20 6E 75 6E 
01710: 63 20 65 72 61 74 2E 20 4E 75 6C 6C 61 6D 20 65 
01720: 75 69 73 6D 6F 64 20 72 69 73 75 73 20 71 75 61 
01730: 6D 2C 20 76 65 6C 20 66 61 75 63 69 62 75 73 20 
01740: 66 65 6C 69 73 20 74 65 6D 70 6F 72 20 71 75 69 
01750: 73 2E 0D 0A 0D 0A 4E 75 6C 6C 61 20 63 6F 6E 73 
01760: 65 71 75 61 74 20 61 6E 74 65 20 65 75 69 73 6D 
01770: 6F 64 20 6E 69 62 68 20 69 61 63 75 6C 69 73 20 
01780: 76 6F 6C 75 74 70 61 74 2E 20 4E 75 6E 63 20 70 
01790: 6F 73 75 65 72 65 20 70 68 61 72 65 74 72 61 20 
017A0: 6C 69 62 65 72 6F 2C 20 63 6F 6D 6D 6F 64 6F 20 
017B0: 62 69 62 65 6E 64 75 6D 20 6C 69 62 65 72 6F 20 
017C0: 73 6F 6C 6C 69 63 69 74 75 64 69 6E 20 6D 61 6C 
017D0: 65 73 75 61 64 61 2E 20 53 65 64 20 6E 65 63 20 
017E0: 66 65 75 67 69 61 74 20 6C 61 63 75 73 2C 20 61 
017F0: 63 20 70 6C 61 63 65 72 61 74 20 6C 6F 72 65 6D 
01800: 2E 20 43 75 72 61 62 69 74 75 72 20 64 69 63 74 
01810: 75 6D 20 6E 75 6E 63 20 76 75 6C 70 75 74 61 74 
01820: 65 2C 20 75 6C 6C 61 6D 63 6F 72 70 65 72 20 75 
01830: 72 6E 61 20 69 64 2C 20 70 72 65 74 69 75 6D 20 
01840: 6F 72 63 69 2E 20 4E 75 6E 63 20 65 75 20 6D 61 
01850: 67 6E 61 20 6C 6F 62 6F 72 74 69 73 20 65 78 20 
01860: 76 65 68 69 63 75 6C 61 20 65 75 69 73 6D 6F 64 
01870: 20 65 74 20 69 64 20 75 72 6E 61 2E 20 53 75 73 
01880: 70 65 6E 64 69 73 73 65 20 69 6E 74 65 72 64 75 
01890: 6D 2C 20 6F 72 63 69 20 69 64 20 65 67 65 73 74 
018A0: 61 73 20 6D 6F 6C 65 73 74 69 65 2C 20 6C 65 6F 
018B0: 20 65 73 74 20 63 75 72 73 75 73 20 6D 65 74 75 
018C0: 73 2C 20 75 74 20 63 75 72 73 75 73 20 65 73 74 
018D0: 20 74 75 72 70 69 73 20 6E 65 63 20 6C 69 62 65 
018E0: 72 6F 2E 20 53 75 73 70 65 6E 64 69 73 73 65 20 
018F0: 70 6F 74 65 6E 74 69 2E 20 41 65 6E 65 61 6E 20 
01900: 64 69 67 6E 69 73 73 69 6D 20 66 61 75 63 69 62 
01910: 75 73 20 6F 64 69 6F 2C 20 65 67 65 74 20 64 69 
01920: 63 74 75 6D 20 6F 72 63 69 2E 20 50 65 6C 6C 65 
01930: 6E 74 65 73 71 75 65 20 6E 6F 6E 20 6D 65 74 75 
01940: 73 20 76 65 6E 65 6E 61 74 69 73 2C 20 6C 61 6F 
01950: 72 65 65 74 20 6D 61 67 6E 61 20 6E 6F 6E 2C 20 
01960: 63 6F 6E 64 69 6D 65 6E 74 75 6D 20 6E 69 73 6C 
01970: 2E 20 4D 61 75 72 69 73 20 76 6F 6C 75 74 70 61 
01980: 74 20 65 6E 69 6D 20 69 64 20 74 6F 72 74 6F 72 
01990: 20 70 6C 61 63 65 72 61 74 2C 20 76 65 6C 20 74 
019A0: 69 6E 63 69 64 75 6E 74 20 76 65 6C 69 74 20 74 
019B0: 69 6E 63 69 64 75 6E 74 2E 20 49 6E 20 6C 61 63 
019C0: 69 6E 69 61 20 65 6C 69 74 20 73 65 64 20 6C 65 
019D0: 63 74 75 73 20 70 6F 73 75 65 72 65 2C 20 61 74 
019E0: 20 66 72 69 6E 67 69 6C 6C 61 20 6E 65 71 75 65 
019F0: 20 6D 61 6C 65 73 75 61 64 61 2E 20 53 75 73 70 
01A00: 65 6E 64 69 73 73 65 20 66 65 75 67 69 61 74 20 
01A10: 76 65 68 69 63 75 6C 61 20 61 75 67 75 65 2C 20 
01A20: 76 65 6C 20 62 6C 61 6E 64 69 74 20 72 69 73 75 
01A30: 73 2E 20 44 6F 6E 65 63 20 75 72 6E 61 20 76 65 
01A40: 6C 69 74 2C 20 70 6F 73 75 65 72 65 20 61 20 65 
01A50: 6E 69 6D 20 73 65 64 2C 20 75 6C 6C 61 6D 63 6F 
01A60: 72 70 65 72 20 70 6F 72 74 61 20 64 75 69 2E 0D 
01A70: 0A 0D 0A 53 75 73 70 65 6E 64 69 73 73 65 20 73 
01A80: 63 65 6C 65 72 69 73 71 75 65 20 73 61 70 69 65 
01A90: 6E 20 65 75 20 65 6E 69 6D 20 61 75 63 74 6F 72 
01AA0: 20 65 6C 65 6D 65 6E 74 75 6D 2E 20 4D 61 65 63 
01AB0: 65 6E 61 73 20 75 74 20 70 6F 72 74 74 69 74 6F 
01AC0: 72 20 65 6C 69 74 2C 20 73 69 74 20 61 6D 65 74 
01AD0: 20 70 6F 72 74 74 69 74 6F 72 20 6F 72 63 69 2E 
01AE0: 20 50 72 61 65 73 65 6E 74 20 6A 75 73 74 6F 20 
01AF0: 6E 69 73 69 2C 20 65 75 69 73 6D 6F 64 20 76 69 
01B00: 74 61 65 20 67 72 61 76 69 64 61 20 61 63 2C 20 
01B10: 70 6F 73 75 65 72 65 20 61 20 61 6E 74 65 2E 20 
01B20: 43 75 72 61 62 69 74 75 72 20 6E 69 73 6C 20 6D 
01B30: 61 73 73 61 2C 20 66 61 63 69 6C 69 73 69 73 20 
01B40: 61 20 65 72 61 74 20 76 69 74 61 65 2C 20 76 65 
01B50: 68 69 63 75 6C 61 20 65 67 65 73 74 61 73 20 64 
01B60: 6F 6C 6F 72 2E 20 50 65 6C 6C 65 6E 74 65 73 71 
01B70: 75 65 20 6E 6F 6E 20 6D 69 20 72 68 6F 6E 63 75 
01B80: 73 2C 20 62 69 62 65 6E 64 75 6D 20 6E 75 6C 6C 
01B90: 61 20 69 6E 2C 20 64 61 70 69 62 75 73 20 74 6F 
01BA0: 72 74 6F 72 2E 20 4E 75 6C 6C 61 20 61 63 20 66 
01BB0: 61 63 69 6C 69 73 69 73 20 6E 69 73 69 2C 20 61 
01BC0: 20 73 6F 64 61 6C 65 73 20 6D 65 74 75 73 2E 20 
01BD0: 43 75 72 61 62 69 74 75 72 20 63 75 72 73 75 73 
01BE0: 20 73 61 67 69 74 74 69 73 20 65 73 74 2C 20 63 
01BF0: 6F 6E 67 75 65 20 68 65 6E 64 72 65 72 69 74 20 
01C00: 74 75 72 70 69 73 20 66 65 75 67 69 61 74 20 76 
01C10: 69 74 61 65 2E 20 45 74 69 61 6D 20 6D 61 74 74 
01C20: 69 73 20 6C 6F 62 6F 72 74 69 73 20 6D 61 75 72 
01C30: 69 73 20 72 75 74 72 75 6D 20 61 63 63 75 6D 73 
01C40: 61 6E 2E 20 55 74 20 65 75 69 73 6D 6F 64 2C 20 
01C50: 64 75 69 20 6E 6F 6E 20 69 6E 74 65 72 64 75 6D 
01C60: 20 76 61 72 69 75 73 2C 20 66 65 6C 69 73 20 6A 
01C70: 75 73 74 6F 20 63 6F 6E 73 65 71 75 61 74 20 6C 
01C80: 65 6F 2C 20 71 75 69 73 20 65 66 66 69 63 69 74 
01C90: 75 72 20 6C 6F 72 65 6D 20 6C 65 63 74 75 73 20 
01CA0: 65 67 65 74 20 6E 69 73 6C 2E 20 41 6C 69 71 75 
01CB0: 61 6D 20 63 6F 6E 76 61 6C 6C 69 73 20 69 61 63 
01CC0: 75 6C 69 73 20 6D 61 75 72 69 73 2C 20 69 6E 20 
01CD0: 6D 6F 6C 6C 69 73 20 6E 69 73 6C 20 6D 6F 6C 6C 
01CE0: 69 73 20 65 75 2E 20 44 75 69 73 20 74 72 69 73 
01CF0: 74 69 71 75 65 20 65 6C 69 74 20 61 63 20 75 6C 
01D00: 74 72 69 63 65 73 20 70 65 6C 6C 65 6E 74 65 73 
01D10: 71 75 65 2E 20 4D 61 75 72 69 73 20 64 61 70 69 
01D20: 62 75 73 20 6C 61 6F 72 65 65 74 20 6E 75 6E 63 
01D30: 20 65 75 20 6C 61 63 69 6E 69 61 2E 20 44 6F 6E 
01D40: 65 63 20 6E 65 71 75 65 20 64 69 61 6D 2C 20 6C 
01D50: 6F 62 6F 72 74 69 73 20 76 65 6C 20 6E 75 6C 6C 
01D60: 61 20 6E 65 63 2C 20 61 6C 69 71 75 61 6D 20 66 
01D70: 65 72 6D 65 6E 74 75 6D 20 76 65 6C 69 74 2E 20 
01D80: 46 75 73 63 65 20 75 74 20 74 75 72 70 69 73 20 
01D90: 65 67 65 74 20 6E 75 6C 6C 61 20 63 6F 6E 64 69 
01DA0: 6D 65 6E 74 75 6D 20 76 6F 6C 75 74 70 61 74 2E 
01DB0: 0D 0A 0D 0A 53 65 64 20 61 74 20 6C 65 63 74 75 
01DC0: 73 20 6C 61 63 75 73 2E 20 45 74 69 61 6D 20 6E 
01DD0: 69 62 68 20 6E 69 73 6C 2C 20 61 63 63 75 6D 73 
01DE0: 61 6E 20 65 74 20 69 61 63 75 6C 69 73 20 6E 6F 
01DF0: 6E 2C 20 63 6F 6E 64 69 6D 65 6E 74 75 6D 20 65 
01E00: 75 20 6C 6F 72 65 6D 2E 20 4E 75 6E 63 20 69 64 
01E10: 20 65 73 74 20 75 74 20 75 72 6E 61 20 70 75 6C 
01E20: 76 69 6E 61 72 20 65 75 69 73 6D 6F 64 2E 20 4D 
01E30: 6F 72 62 69 20 65 67 65 74 20 6E 75 6C 6C 61 20 
01E40: 63 75 72 73 75 73 2C 20 61 6C 69 71 75 65 74 20 
01E50: 61 75 67 75 65 20 76 69 74 61 65 2C 20 70 65 6C 
01E60: 6C 65 6E 74 65 73 71 75 65 20 6C 69 67 75 6C 61 
01E70: 2E 20 50 72 6F 69 6E 20 65 74 20 61 6C 69 71 75 
01E80: 61 6D 20 6C 65 6F 2E 20 53 65 64 20 69 6E 20 74 
01E90: 75 72 70 69 73 20 73 61 67 69 74 74 69 73 2C 20 
01EA0: 73 75 73 63 69 70 69 74 20 6A 75 73 74 6F 20 65 
01EB0: 74 2C 20 76 75 6C 70 75 74 61 74 65 20 73 65 6D 
01EC0: 2E 20 53 65 64 20 63 75 72 73 75 73 20 6E 65 63 
01ED0: 20 6C 65 63 74 75 73 20 6E 65 63 20 74 72 69 73 
01EE0: 74 69 71 75 65 2E 20 4D 61 75 72 69 73 20 6D 61 
01EF0: 6C 65 73 75 61 64 61 2C 20 6E 69 62 68 20 61 74 
01F00: 20 70 6F 73 75 65 72 65 20 70 6F 73 75 65 72 65 
01F10: 2C 20 71 75 61 6D 20 6C 65 63 74 75 73 20 63 75 
01F20: 72 73 75 73 20 6E 75 6E 63 2C 20 73 65 64 20 66 
01F30: 65 72 6D 65 6E 74 75 6D 20 6E 65 71 75 65 20 75 
01F40: 72 6E 61 20 65 74 20 6E 65 71 75 65 2E 20 53 75 
01F50: 73 70 65 6E 64 69 73 73 65 20 65 6E 69 6D 20 74 
01F60: 75 72 70 69 73 2C 20 63 75 72 73 75 73 20 76 69 
01F70: 74 61 65 20 65 72 61 74 20 69 64 2C 20 72 75 74 
01F80: 72 75 6D 20 76 65 68 69 63 75 6C 61 20 65 6E 69 
01F90: 6D 2E 20 4E 61 6D 20 67 72 61 76 69 64 61 2C 20 
01FA0: 6F 72 63 69 20 61 20 74 69 6E 63 69 64 75 6E 74 
01FB0: 20 6D 6F 6C 6C 69 73 2C 20 6D 69 20 6F 64 69 6F 
01FC0: 20 62 69 62 65 6E 64 75 6D 20 65 6E 69 6D 2C 20 
01FD0: 69 64 20 64 69 67 6E 69 73 73 69 6D 20 65 72 6F 
01FE0: 73 20 74 75 72 70 69 73 20 65 74 20 6E 75 6C 6C 
01FF0: 61 2E 20 51 75 69 73 71 75 65 20 65 6C 65 69 66 
02000: 65 6E 64 20 61 72 63 75 20 6C 65 63 74 75 73 2C 
02010: 20 73 69 74 20 61 6D 65 74 20 70 75 6C 76 69 6E 
02020: 61 72 20 74 6F 72 74 6F 72 20 6D 61 6C 65 73 75 
02030: 61 64 61 20 76 65 6C 2E 20 4E 75 6E 63 20 65 67 
02040: 65 74 20 6D 6F 6C 65 73 74 69 65 20 74 65 6C 6C 
02050: 75 73 2E 20 41 65 6E 65 61 6E 20 65 74 20 72 69 
02060: 73 75 73 20 75 74 20 6D 61 73 73 61 20 64 61 70 
02070: 69 62 75 73 20 74 69 6E 63 69 64 75 6E 74 2E 20 
02080: 4E 75 6C 6C 61 6D 20 63 6F 6E 67 75 65 20 61 72 
02090: 63 75 20 65 72 6F 73 2C 20 68 65 6E 64 72 65 72 
020A0: 69 74 20 75 6C 6C 61 6D 63 6F 72 70 65 72 20 6F 
020B0: 72 63 69 20 66 69 6E 69 62 75 73 20 6E 65 63 2E 
020C0: 20 50 72 6F 69 6E 20 69 6E 20 6E 75 6C 6C 61 20 
020D0: 6E 69 73 6C 2E 0D 0A 0D 0A 46 75 73 63 65 20 64 
020E0: 6F 6C 6F 72 20 65 73 74 2C 20 65 75 69 73 6D 6F 
020F0: 64 20 65 74 20 61 75 67 75 65 20 64 61 70 69 62 
02100: 75 73 2C 20 63 6F 6D 6D 6F 64 6F 20 65 75 69 73 
02110: 6D 6F 64 20 74 65 6C 6C 75 73 2E 20 43 72 61 73 
02120: 20 63 75 72 73 75 73 20 66 61 63 69 6C 69 73 69 
02130: 73 20 6E 75 6C 6C 61 20 75 74 20 74 69 6E 63 69 
02140: 64 75 6E 74 2E 20 4D 6F 72 62 69 20 65 74 20 64 
02150: 69 67 6E 69 73 73 69 6D 20 6D 65 74 75 73 2C 20 
02160: 73 65 64 20 61 6C 69 71 75 61 6D 20 6E 69 73 69 
02170: 2E 20 4D 61 65 63 65 6E 61 73 20 73 63 65 6C 65 
02180: 72 69 73 71 75 65 20 75 6C 74 72 69 63 65 73 20 
02190: 6E 75 6C 6C 61 2C 20 6E 6F 6E 20 67 72 61 76 69 
021A0: 64 61 20 61 72 63 75 20 62 6C 61 6E 64 69 74 20 
021B0: 6E 65 63 2E 20 43 72 61 73 20 74 69 6E 63 69 64 
021C0: 75 6E 74 20 72 69 73 75 73 20 6D 61 73 73 61 2E 
021D0: 20 56 65 73 74 69 62 75 6C 75 6D 20 76 65 6C 20 
021E0: 69 6E 74 65 72 64 75 6D 20 65 6E 69 6D 2C 20 6D 
021F0: 6F 6C 6C 69 73 20 75 6C 6C 61 6D 63 6F 72 70 65 
02200: 72 20 74 75 72 70 69 73 2E 20 53 65 64 20 65 67 
02210: 65 74 20 73 61 70 69 65 6E 20 76 6F 6C 75 74 70 
02220: 61 74 20 65 72 61 74 20 73 6F 64 61 6C 65 73 20 
02230: 6D 61 78 69 6D 75 73 2E 20 53 65 64 20 66 65 72 
02240: 6D 65 6E 74 75 6D 20 6E 75 6E 63 20 65 74 20 64 
02250: 75 69 20 63 6F 6D 6D 6F 64 6F 2C 20 73 65 64 20 
02260: 69 6D 70 65 72 64 69 65 74 20 74 6F 72 74 6F 72 
02270: 20 62 6C 61 6E 64 69 74 2E 20 4D 61 75 72 69 73 
02280: 20 76 65 6C 20 65 78 20 70 6F 72 74 61 2C 20 64 
02290: 61 70 69 62 75 73 20 6A 75 73 74 6F 20 65 74 2C 
022A0: 20 74 69 6E 63 69 64 75 6E 74 20 6D 61 73 73 61 
022B0: 2E 20 43 75 72 61 62 69 74 75 72 20 61 63 20 68 
022C0: 65 6E 64 72 65 72 69 74 20 61 75 67 75 65 2E 20 
022D0: 55 74 20 6E 6F 6E 20 6D 6F 6C 6C 69 73 20 6C 65 
022E0: 63 74 75 73 2C 20 65 74 20 65 6C 65 69 66 65 6E 
022F0: 64 20 65 73 74 2E 20 50 72 61 65 73 65 6E 74 20 
02300: 72 75 74 72 75 6D 20 61 75 67 75 65 20 61 74 20 
02310: 69 61 63 75 6C 69 73 20 61 6C 69 71 75 65 74 2E 
02320: 20 4E 75 6E 63 20 75 6C 74 72 69 63 69 65 73 20 
02330: 74 6F 72 74 6F 72 20 74 65 6C 6C 75 73 2C 20 69 
02340: 6E 20 69 61 63 75 6C 69 73 20 6E 75 6C 6C 61 20 
02350: 68 65 6E 64 72 65 72 69 74 20 73 69 74 20 61 6D 
02360: 65 74 2E 20 43 75 72 61 62 69 74 75 72 20 66 65 
02370: 72 6D 65 6E 74 75 6D 20 6C 61 63 69 6E 69 61 20 
02380: 6E 75 6C 6C 61 2C 20 61 63 20 70 65 6C 6C 65 6E 
02390: 74 65 73 71 75 65 20 6A 75 73 74 6F 2E 20 4E 75 
023A0: 6E 63 20 61 6C 69 71 75 65 74 20 6D 61 75 72 69 
023B0: 73 20 75 74 20 6D 69 20 6C 61 63 69 6E 69 61 2C 
023C0: 20 76 69 74 61 65 20 63 75 72 73 75 73 20 6D 61 
023D0: 67 6E 61 20 70 75 6C 76 69 6E 61 72 2E 20 4E 75 
023E0: 6C 6C 61 20 69 61 63 75 6C 69 73 20 6D 61 73 73 
023F0: 61 20 74 69 6E 63 69 64 75 6E 74 2C 20 61 63 63 
02400: 75 6D 73 61 6E 20 71 75 61 6D 20 61 74 2C 20 76 
02410: 69 76 65 72 72 61 20 65 73 74 2E 0D 0A 0D 0A 41 
02420: 6C 69 71 75 61 6D 20 65 72 61 74 20 76 6F 6C 75 
02430: 74 70 61 74 2E 20 4E 75 6E 63 20 65 67 65 73 74 
02440: 61 73 20 73 61 67 69 74 74 69 73 20 74 75 72 70 
02450: 69 73 2E 20 4E 75 6C 6C 61 20 66 65 75 67 69 61 
02460: 74 20 6E 75 6E 63 20 61 63 20 6D 61 75 72 69 73 
02470: 20 6C 61 63 69 6E 69 61 20 70 6F 72 74 61 2E 20 
02480: 53 65 64 20 65 75 20 6C 69 67 75 6C 61 20 61 20 
02490: 6D 61 75 72 69 73 20 69 6E 74 65 72 64 75 6D 20 
024A0: 65 66 66 69 63 69 74 75 72 20 61 63 20 65 6C 65 
024B0: 6D 65 6E 74 75 6D 20 74 6F 72 74 6F 72 2E 20 49 
024C0: 6E 20 76 69 76 65 72 72 61 20 65 72 6F 73 20 6C 
024D0: 69 62 65 72 6F 2C 20 6C 6F 62 6F 72 74 69 73 20 
024E0: 63 6F 6E 67 75 65 20 6E 69 73 6C 20 66 69 6E 69 
024F0: 62 75 73 20 6E 65 63 2E 20 4E 75 6E 63 20 69 6E 
02500: 74 65 72 64 75 6D 20 63 6F 6D 6D 6F 64 6F 20 66 
02510: 65 75 67 69 61 74 2E 20 41 6C 69 71 75 61 6D 20 
02520: 65 66 66 69 63 69 74 75 72 20 6C 65 6F 20 71 75 
02530: 69 73 20 73 61 70 69 65 6E 20 63 75 72 73 75 73 
02540: 20 76 65 73 74 69 62 75 6C 75 6D 2E 20 49 6E 20 
02550: 68 61 63 20 68 61 62 69 74 61 73 73 65 20 70 6C 
02560: 61 74 65 61 20 64 69 63 74 75 6D 73 74 2E 20 4E 
02570: 75 6C 6C 61 6D 20 6C 6F 72 65 6D 20 75 72 6E 61 
02580: 2C 20 70 68 61 72 65 74 72 61 20 69 64 20 6D 69 
02590: 20 69 6E 2C 20 67 72 61 76 69 64 61 20 66 69 6E 
025A0: 69 62 75 73 20 6F 64 69 6F 2E 20 4D 61 65 63 65 
025B0: 6E 61 73 20 65 75 69 73 6D 6F 64 20 68 65 6E 64 
025C0: 72 65 72 69 74 20 65 6E 69 6D 2C 20 76 65 6C 20 
025D0: 76 61 72 69 75 73 20 73 65 6D 2E 20 4E 75 6C 6C 
025E0: 61 6D 20 6E 65 63 20 65 6C 65 6D 65 6E 74 75 6D 
025F0: 20 6D 61 75 72 69 73 2C 20 61 63 20 67 72 61 76 
02600: 69 64 61 20 6C 61 63 75 73 2E 20 53 75 73 70 65 
02610: 6E 64 69 73 73 65 20 65 6C 69 74 20 6C 6F 72 65 
02620: 6D 2C 20 76 65 6E 65 6E 61 74 69 73 20 61 63 20 
02630: 63 6F 6E 64 69 6D 65 6E 74 75 6D 20 64 69 67 6E 
02640: 69 73 73 69 6D 2C 20 76 61 72 69 75 73 20 61 63 
02650: 20 74 6F 72 74 6F 72 2E 0D 0A 0D 0A 49 6E 74 65 
02660: 67 65 72 20 75 6C 74 72 69 63 65 73 20 70 6F 72 
02670: 74 61 20 73 6F 6C 6C 69 63 69 74 75 64 69 6E 2E 
02680: 20 50 65 6C 6C 65 6E 74 65 73 71 75 65 20 62 69 
02690: 62 65 6E 64 75 6D 20 6F 72 63 69 20 69 64 20 6E 
026A0: 75 6E 63 20 70 6C 61 63 65 72 61 74 20 66 61 63 
026B0: 69 6C 69 73 69 73 2E 20 49 6E 74 65 72 64 75 6D 
026C0: 20 65 74 20 6D 61 6C 65 73 75 61 64 61 20 66 61 
026D0: 6D 65 73 20 61 63 20 61 6E 74 65 20 69 70 73 75 
026E0: 6D 20 70 72 69 6D 69 73 20 69 6E 20 66 61 75 63 
026F0: 69 62 75 73 2E 20 41 65 6E 65 61 6E 20 6D 6F 6C 
02700: 65 73 74 69 65 20 61 74 20 65 6E 69 6D 20 6E 6F 
02710: 6E 20 66 61 75 63 69 62 75 73 2E 20 43 72 61 73 
02720: 20 6D 6F 6C 6C 69 73 20 65 78 20 66 72 69 6E 67 
02730: 69 6C 6C 61 20 74 65 6D 70 75 73 20 70 68 61 72 
02740: 65 74 72 61 2E 20 44 6F 6E 65 63 20 6F 72 6E 61 
02750: 72 65 20 66 65 6C 69 73 20 69 64 20 6E 69 73 69 
02760: 20 6C 75 63 74 75 73 2C 20 6E 65 63 20 75 6C 74 
02770: 72 69 63 69 65 73 20 6C 6F 72 65 6D 20 74 65 6D 
02780: 70 75 73 2E 20 41 65 6E 65 61 6E 20 75 74 20 76 
02790: 75 6C 70 75 74 61 74 65 20 6D 69 2E 20 53 75 73 
027A0: 70 65 6E 64 69 73 73 65 20 70 6F 74 65 6E 74 69 
027B0: 2E 20 56 65 73 74 69 62 75 6C 75 6D 20 6C 61 63 
027C0: 69 6E 69 61 20 72 69 73 75 73 20 6F 64 69 6F 2C 
027D0: 20 69 6E 20 6F 72 6E 61 72 65 20 6D 61 73 73 61 
027E0: 20 74 69 6E 63 69 64 75 6E 74 20 65 67 65 74 2E 
027F0: 20 4E 75 6C 6C 61 20 69 64 20 6D 65 74 75 73 20 
02800: 65 67 65 74 20 6C 61 63 75 73 20 6C 6F 62 6F 72 
02810: 74 69 73 20 70 68 61 72 65 74 72 61 2E 20 4C 6F 
02820: 72 65 6D 20 69 70 73 75 6D 20 64 6F 6C 6F 72 20 
02830: 73 69 74 20 61 6D 65 74 2C 20 63 6F 6E 73 65 63 
02840: 74 65 74 75 72 20 61 64 69 70 69 73 63 69 6E 67 
02850: 20 65 6C 69 74 2E 20 49 6E 20 66 65 72 6D 65 6E 
02860: 74 75 6D 20 65 6C 65 6D 65 6E 74 75 6D 20 66 65 
02870: 6C 69 73 20 65 75 20 6D 61 78 69 6D 75 73 2E 0D 
02880: 0A 0D 0A 53 75 73 70 65 6E 64 69 73 73 65 20 6C 
02890: 65 63 74 75 73 20 73 61 70 69 65 6E 2C 20 70 6F 
028A0: 72 74 74 69 74 6F 72 20 76 65 6C 20 74 72 69 73 
028B0: 74 69 71 75 65 20 65 75 2C 20 65 67 65 73 74 61 
028C0: 73 20 61 20 65 73 74 2E 20 41 65 6E 65 61 6E 20 
028D0: 61 63 20 76 65 6C 69 74 20 64 69 67 6E 69 73 73 
028E0: 69 6D 2C 20 70 72 65 74 69 75 6D 20 74 75 72 70 
028F0: 69 73 20 61 74 2C 20 65 67 65 73 74 61 73 20 6D 
02900: 61 75 72 69 73 2E 20 41 6C 69 71 75 61 6D 20 75 
02910: 6C 74 72 69 63 69 65 73 20 62 6C 61 6E 64 69 74 
02920: 20 6D 61 67 6E 61 2C 20 61 74 20 65 6C 65 69 66 
02930: 65 6E 64 20 64 6F 6C 6F 72 20 75 6C 74 72 69 63 
02940: 65 73 20 65 67 65 74 2E 20 46 75 73 63 65 20 63 
02950: 6F 6E 67 75 65 20 73 61 70 69 65 6E 20 75 74 20 
02960: 6D 6F 6C 65 73 74 69 65 20 74 65 6D 70 6F 72 2E 
02970: 20 4D 61 75 72 69 73 20 73 65 64 20 6F 64 69 6F 
02980: 20 6D 61 74 74 69 73 2C 20 63 6F 6D 6D 6F 64 6F 
02990: 20 66 65 6C 69 73 20 65 67 65 74 2C 20 75 6C 6C 
029A0: 61 6D 63 6F 72 70 65 72 20 6E 75 6C 6C 61 2E 20 
029B0: 50 72 61 65 73 65 6E 74 20 61 74 20 73 6F 6C 6C 
029C0: 69 63 69 74 75 64 69 6E 20 6E 65 71 75 65 2E 20 
029D0: 4D 61 65 63 65 6E 61 73 20 66 65 75 67 69 61 74 
029E0: 20 76 69 76 65 72 72 61 20 76 65 6E 65 6E 61 74 
029F0: 69 73 2E 20 53 65 64 20 65 66 66 69 63 69 74 75 
02A00: 72 20 74 75 72 70 69 73 20 65 75 69 73 6D 6F 64 
02A10: 20 6D 61 73 73 61 20 64 69 67 6E 69 73 73 69 6D 
02A20: 20 70 75 6C 76 69 6E 61 72 2E 0D 0A 0D 0A 43 72 
02A30: 61 73 20 64 69 63 74 75 6D 2C 20 74 75 72 70 69 
02A40: 73 20 65 75 20 73 6F 6C 6C 69 63 69 74 75 64 69 
02A50: 6E 20 65 67 65 73 74 61 73 2C 20 6D 61 73 73 61 
02A60: 20 74 6F 72 74 6F 72 20 6D 6F 6C 65 73 74 69 65 
02A70: 20 65 6C 69 74 2C 20 65 75 20 66 61 63 69 6C 69 
02A80: 73 69 73 20 6D 61 73 73 61 20 65 72 61 74 20 6E 
02A90: 65 63 20 6F 72 63 69 2E 20 41 65 6E 65 61 6E 20 
02AA0: 61 20 74 75 72 70 69 73 20 61 20 74 75 72 70 69 
02AB0: 73 20 70 68 61 72 65 74 72 61 20 66 61 63 69 6C 
02AC0: 69 73 69 73 2E 20 49 6E 74 65 67 65 72 20 6D 6F 
02AD0: 6C 6C 69 73 20 6C 6F 62 6F 72 74 69 73 20 64 6F 
02AE0: 6C 6F 72 2E 20 53 65 64 20 6E 6F 6E 20 64 75 69 
02AF0: 20 69 6E 20 6E 75 6E 63 20 76 65 6E 65 6E 61 74 
02B00: 69 73 20 65 6C 65 69 66 65 6E 64 20 73 65 64 20 
02B10: 6E 65 63 20 61 72 63 75 2E 20 50 72 61 65 73 65 
02B20: 6E 74 20 70 6F 73 75 65 72 65 20 65 6C 69 74 20 
02B30: 75 74 20 66 61 75 63 69 62 75 73 20 63 6F 6E 73 
02B40: 65 71 75 61 74 2E 20 53 65 64 20 69 70 73 75 6D 
02B50: 20 72 69 73 75 73 2C 20 75 6C 74 72 69 63 65 73 
02B60: 20 65 74 20 70 6F 72 74 74 69 74 6F 72 20 6E 6F 
02B70: 6E 2C 20 63 75 72 73 75 73 20 6E 6F 6E 20 64 69 
02B80: 61 6D 2E 20 4E 61 6D 20 76 69 74 61 65 20 69 6E 
02B90: 74 65 72 64 75 6D 20 6E 65 71 75 65 2C 20 76 65 
02BA0: 6C 20 73 63 65 6C 65 72 69 73 71 75 65 20 6C 69 
02BB0: 62 65 72 6F 2E 20 4D 6F 72 62 69 20 75 72 6E 61 
02BC0: 20 65 72 6F 73 2C 20 73 61 67 69 74 74 69 73 20 
02BD0: 70 6F 72 74 61 20 75 6C 74 72 69 63 69 65 73 20 
02BE0: 70 68 61 72 65 74 72 61 2C 20 65 66 66 69 63 69 
02BF0: 74 75 72 20 65 74 20 6D 65 74 75 73 2E 0D 0A 0D 
02C00: 0A 49 6E 74 65 67 65 72 20 61 74 20 76 65 6C 69 
02C10: 74 20 76 69 74 61 65 20 73 61 70 69 65 6E 20 76 
02C20: 65 68 69 63 75 6C 61 20 6C 75 63 74 75 73 20 76 
02C30: 65 6C 20 73 6F 6C 6C 69 63 69 74 75 64 69 6E 20 
02C40: 6E 75 6E 63 2E 20 41 65 6E 65 61 6E 20 73 61 67 
02C50: 69 74 74 69 73 20 6C 6F 72 65 6D 20 73 69 74 20 
02C60: 61 6D 65 74 20 6F 64 69 6F 20 70 75 6C 76 69 6E 
02C70: 61 72 2C 20 61 20 63 75 72 73 75 73 20 6F 72 63 
02C80: 69 20 65 67 65 73 74 61 73 2E 20 45 74 69 61 6D 
02C90: 20 76 65 6C 20 6C 61 63 75 73 20 69 61 63 75 6C 
02CA0: 69 73 2C 20 65 67 65 73 74 61 73 20 69 70 73 75 
02CB0: 6D 20 61 74 2C 20 73 65 6D 70 65 72 20 6E 75 6C 
02CC0: 6C 61 2E 20 46 75 73 63 65 20 76 69 74 61 65 20 
02CD0: 76 65 6C 69 74 20 75 6C 74 72 69 63 69 65 73 2C 
02CE0: 20 69 6E 74 65 72 64 75 6D 20 6F 64 69 6F 20 73 
02CF0: 69 74 20 61 6D 65 74 2C 20 6D 61 74 74 69 73 20 
02D00: 74 6F 72 74 6F 72 2E 20 49 6E 20 70 6F 72 74 61 
02D10: 20 6C 6F 72 65 6D 20 69 64 20 6A 75 73 74 6F 20 
02D20: 63 75 72 73 75 73 20 66 72 69 6E 67 69 6C 6C 61 
02D30: 2E 20 4D 61 75 72 69 73 20 75 74 20 65 66 66 69 
02D40: 63 69 74 75 72 20 6E 69 73 6C 2E 20 41 65 6E 65 
02D50: 61 6E 20 69 6E 74 65 72 64 75 6D 20 65 6E 69 6D 
02D60: 20 6E 6F 6E 20 71 75 61 6D 20 74 69 6E 63 69 64 
02D70: 75 6E 74 20 66 61 63 69 6C 69 73 69 73 2E 20 50 
02D80: 68 61 73 65 6C 6C 75 73 20 6E 65 63 20 70 72 65 
02D90: 74 69 75 6D 20 6E 69 73 69 2C 20 65 74 20 74 69 
02DA0: 6E 63 69 64 75 6E 74 20 61 72 63 75 2E 20 4D 6F 
02DB0: 72 62 69 20 66 61 63 69 6C 69 73 69 73 20 75 6C 
02DC0: 74 72 69 63 69 65 73 20 72 75 74 72 75 6D 2E 20 
02DD0: 50 68 61 73 65 6C 6C 75 73 20 61 20 6E 69 73 6C 
02DE0: 20 69 6E 20 65 72 61 74 20 66 65 72 6D 65 6E 74 
02DF0: 75 6D 20 65 6C 65 69 66 65 6E 64 2E 20 4E 61 6D 
02E00: 20 75 74 20 66 61 75 63 69 62 75 73 20 74 6F 72 
02E10: 74 6F 72 2C 20 61 63 20 70 6F 72 74 74 69 74 6F 
02E20: 72 20 75 72 6E 61 2E 20 43 6C 61 73 73 20 61 70 
02E30: 74 65 6E 74 20 74 61 63 69 74 69 20 73 6F 63 69 
02E40: 6F 73 71 75 20 61 64 20 6C 69 74 6F 72 61 20 74 
02E50: 6F 72 71 75 65 6E 74 20 70 65 72 20 63 6F 6E 75 
02E60: 62 69 61 20 6E 6F 73 74 72 61 2C 20 70 65 72 20 
02E70: 69 6E 63 65 70 74 6F 73 20 68 69 6D 65 6E 61 65 
02E80: 6F 73 2E 20 4E 61 6D 20 76 75 6C 70 75 74 61 74 
02E90: 65 20 6C 69 62 65 72 6F 20 61 20 66 65 6C 69 73 
02EA0: 20 76 6F 6C 75 74 70 61 74 20 72 75 74 72 75 6D 
02EB0: 2E 20 41 6C 69 71 75 61 6D 20 76 65 6E 65 6E 61 
02EC0: 74 69 73 20 61 6C 69 71 75 61 6D 20 62 6C 61 6E 
02ED0: 64 69 74 2E 20 44 6F 6E 65 63 20 75 6C 6C 61 6D 
02EE0: 63 6F 72 70 65 72 20 65 6C 69 74 20 61 63 20 76 
02EF0: 65 6C 69 74 20 61 75 63 74 6F 72 20 74 65 6D 70 
02F00: 6F 72 20 61 74 20 61 20 74 6F 72 74 6F 72 2E 0D 
02F10: 0A 0D 0A 4D 61 65 63 65 6E 61 73 20 6E 65 63 20 
02F20: 63 6F 6D 6D 6F 64 6F 20 61 72 63 75 2E 20 4E 75 
02F30: 6C 6C 61 6D 20 65 67 65 74 20 65 73 74 20 6E 6F 
02F40: 6E 20 61 75 67 75 65 20 66 69 6E 69 62 75 73 20 
02F50: 74 69 6E 63 69 64 75 6E 74 20 71 75 69 73 20 75 
02F60: 74 20 6D 61 67 6E 61 2E 20 50 72 6F 69 6E 20 61 
02F70: 20 65 73 74 20 75 74 20 61 72 63 75 20 61 6C 69 
02F80: 71 75 61 6D 20 74 65 6D 70 6F 72 2E 20 43 72 61 
02F90: 73 20 63 6F 6E 64 69 6D 65 6E 74 75 6D 20 6C 69 
02FA0: 67 75 6C 61 20 73 65 64 20 6D 61 78 69 6D 75 73 
02FB0: 20 64 69 63 74 75 6D 2E 20 4E 61 6D 20 68 65 6E 
02FC0: 64 72 65 72 69 74 20 73 6F 6C 6C 69 63 69 74 75 
02FD0: 64 69 6E 20 65 6E 69 6D 20 73 65 64 20 6D 61 74 
02FE0: 74 69 73 2E 20 51 75 69 73 71 75 65 20 6E 6F 6E 
02FF0: 20 6E 75 6C 6C 61 20 75 6C 6C 61 6D 63 6F 72 70 
03000: 65 72 2C 20 66 72 69 6E 67 69 6C 6C 61 20 66 65 
03010: 6C 69 73 20 69 6E 2C 20 75 6C 74 72 69 63 69 65 
03020: 73 20 64 6F 6C 6F 72 2E 20 53 65 64 20 61 74 20 
03030: 75 6C 74 72 69 63 65 73 20 6C 69 67 75 6C 61 2E 
03040: 20 51 75 69 73 71 75 65 20 71 75 69 73 20 6F 72 
03050: 63 69 20 66 65 6C 69 73 2E 20 4E 75 6E 63 20 75 
03060: 6C 74 72 69 63 65 73 20 73 61 67 69 74 74 69 73 
03070: 20 65 72 6F 73 2C 20 76 65 6C 20 76 65 73 74 69 
03080: 62 75 6C 75 6D 20 6C 61 63 75 73 20 72 75 74 72 
03090: 75 6D 20 73 63 65 6C 65 72 69 73 71 75 65 2E 20 
030A0: 45 74 69 61 6D 20 6D 61 75 72 69 73 20 65 73 74 
030B0: 2C 20 70 6C 61 63 65 72 61 74 20 61 20 70 75 72 
030C0: 75 73 20 65 74 2C 20 65 6C 65 6D 65 6E 74 75 6D 
030D0: 20 75 6C 74 72 69 63 69 65 73 20 66 65 6C 69 73 
030E0: 2E 20 50 68 61 73 65 6C 6C 75 73 20 65 74 20 64 
030F0: 69 61 6D 20 6D 61 74 74 69 73 2C 20 73 75 73 63 
03100: 69 70 69 74 20 6D 61 73 73 61 20 61 2C 20 62 6C 
03110: 61 6E 64 69 74 20 6C 65 63 74 75 73 2E 0D 0A 0D 
03120: 0A 41 65 6E 65 61 6E 20 6D 61 6C 65 73 75 61 64 
03130: 61 20 64 69 61 6D 20 65 67 65 74 20 6E 69 73 6C 
03140: 20 76 65 6E 65 6E 61 74 69 73 2C 20 61 63 20 62 
03150: 69 62 65 6E 64 75 6D 20 75 72 6E 61 20 63 75 72 
03160: 73 75 73 2E 20 4D 61 75 72 69 73 20 73 69 74 20 
03170: 61 6D 65 74 20 6D 61 74 74 69 73 20 6D 61 73 73 
03180: 61 2E 20 56 69 76 61 6D 75 73 20 65 74 20 61 6C 
03190: 69 71 75 65 74 20 73 65 6D 2C 20 65 74 20 70 6F 
031A0: 72 74 61 20 71 75 61 6D 2E 20 44 6F 6E 65 63 20 
031B0: 75 6C 6C 61 6D 63 6F 72 70 65 72 20 72 69 73 75 
031C0: 73 20 74 75 72 70 69 73 2C 20 65 74 20 73 63 65 
031D0: 6C 65 72 69 73 71 75 65 20 6E 69 62 68 20 69 61 
031E0: 63 75 6C 69 73 20 61 63 2E 20 50 68 61 73 65 6C 
031F0: 6C 75 73 20 63 75 72 73 75 73 20 6C 65 63 74 75 
03200: 73 20 69 6E 20 64 6F 6C 6F 72 20 66 61 75 63 69 
03210: 62 75 73 20 72 68 6F 6E 63 75 73 20 61 20 65 75 
03220: 20 75 72 6E 61 2E 20 43 72 61 73 20 71 75 69 73 
03230: 20 70 75 72 75 73 20 76 69 74 61 65 20 6E 65 71 
03240: 75 65 20 74 65 6D 70 75 73 20 70 6F 72 74 61 2E 
03250: 20 4E 75 6C 6C 61 20 73 65 6D 70 65 72 20 76 69 
03260: 74 61 65 20 6C 69 67 75 6C 61 20 6E 6F 6E 20 63 
03270: 6F 6E 73 65 71 75 61 74 2E 20 50 65 6C 6C 65 6E 
03280: 74 65 73 71 75 65 20 75 72 6E 61 20 65 78 2C 20 
03290: 61 75 63 74 6F 72 20 73 69 74 20 61 6D 65 74 20 
032A0: 61 72 63 75 20 69 64 2C 20 61 75 63 74 6F 72 20 
032B0: 76 65 6E 65 6E 61 74 69 73 20 6C 69 62 65 72 6F 
032C0: 2E 20 49 6E 74 65 67 65 72 20 74 65 6D 70 6F 72 
032D0: 20 6C 6F 72 65 6D 20 66 69 6E 69 62 75 73 20 6C 
032E0: 61 63 69 6E 69 61 20 63 6F 6E 73 65 71 75 61 74 
032F0: 2E 20 4E 75 6E 63 20 76 65 6C 20 69 61 63 75 6C 
03300: 69 73 20 74 6F 72 74 6F 72 2C 20 61 74 20 61 6C 
03310: 69 71 75 65 74 20 64 6F 6C 6F 72 2E 20 4E 61 6D 
03320: 20 6C 69 62 65 72 6F 20 6C 61 63 75 73 2C 20 73 
03330: 61 67 69 74 74 69 73 20 61 63 20 76 75 6C 70 75 
03340: 74 61 74 65 20 61 63 2C 20 76 61 72 69 75 73 20 
03350: 69 64 20 64 69 61 6D 2E 20 50 65 6C 6C 65 6E 74 
03360: 65 73 71 75 65 20 61 74 20 6E 69 73 6C 20 76 69 
03370: 74 61 65 20 6C 6F 72 65 6D 20 61 63 63 75 6D 73 
03380: 61 6E 20 73 63 65 6C 65 72 69 73 71 75 65 20 71 
03390: 75 69 73 20 61 74 20 6C 69 62 65 72 6F 2E 20 46 
033A0: 75 73 63 65 20 64 61 70 69 62 75 73 20 6C 65 6F 
033B0: 20 65 67 65 74 20 76 65 6C 69 74 20 70 6F 72 74 
033C0: 61 20 63 6F 6D 6D 6F 64 6F 2E 0D 0A 0D 0A 43 75 
033D0: 72 61 62 69 74 75 72 20 6C 6F 62 6F 72 74 69 73 
033E0: 20 6C 69 67 75 6C 61 20 69 6E 20 76 75 6C 70 75 
033F0: 74 61 74 65 20 65 6C 65 69 66 65 6E 64 2E 20 4E 
03400: 75 6C 6C 61 6D 20 76 65 68 69 63 75 6C 61 20 65 
03410: 6C 69 74 20 61 20 70 75 72 75 73 20 63 6F 6E 76 
03420: 61 6C 6C 69 73 20 6D 6F 6C 65 73 74 69 65 2E 20 
03430: 43 72 61 73 20 72 68 6F 6E 63 75 73 20 6D 6F 6C 
03440: 65 73 74 69 65 20 70 68 61 72 65 74 72 61 2E 20 
03450: 43 6C 61 73 73 20 61 70 74 65 6E 74 20 74 61 63 
03460: 69 74 69 20 73 6F 63 69 6F 73 71 75 20 61 64 20 
03470: 6C 69 74 6F 72 61 20 74 6F 72 71 75 65 6E 74 20 
03480: 70 65 72 20 63 6F 6E 75 62 69 61 20 6E 6F 73 74 
03490: 72 61 2C 20 70 65 72 20 69 6E 63 65 70 74 6F 73 
034A0: 20 68 69 6D 65 6E 61 65 6F 73 2E 20 41 65 6E 65 
034B0: 61 6E 20 76 69 74 61 65 20 6C 65 63 74 75 73 20 
034C0: 64 75 69 2E 20 43 75 72 61 62 69 74 75 72 20 76 
034D0: 69 76 65 72 72 61 2C 20 74 65 6C 6C 75 73 20 6D 
034E0: 6F 6C 6C 69 73 20 6D 61 6C 65 73 75 61 64 61 20 
034F0: 73 75 73 63 69 70 69 74 2C 20 64 6F 6C 6F 72 20 
03500: 64 69 61 6D 20 75 6C 6C 61 6D 63 6F 72 70 65 72 
03510: 20 6C 65 6F 2C 20 71 75 69 73 20 61 75 63 74 6F 
03520: 72 20 65 6E 69 6D 20 74 6F 72 74 6F 72 20 76 69 
03530: 74 61 65 20 64 69 61 6D 2E 20 4E 75 6C 6C 61 6D 
03540: 20 69 6E 20 69 6E 74 65 72 64 75 6D 20 76 65 6C 
03550: 69 74 2C 20 61 74 20 74 69 6E 63 69 64 75 6E 74 
03560: 20 75 72 6E 61 2E 0D 0A 0D 0A 51 75 69 73 71 75 
03570: 65 20 65 75 20 6D 61 67 6E 61 20 6F 72 63 69 2E 
03580: 20 50 68 61 73 65 6C 6C 75 73 20 72 75 74 72 75 
03590: 6D 20 63 6F 6E 67 75 65 20 74 65 6C 6C 75 73 2C 
035A0: 20 76 65 6C 20 64 69 63 74 75 6D 20 61 72 63 75 
035B0: 20 73 61 67 69 74 74 69 73 20 6E 65 63 2E 20 56 
035C0: 65 73 74 69 62 75 6C 75 6D 20 61 6C 69 71 75 65 
035D0: 74 20 6C 69 62 65 72 6F 20 76 65 73 74 69 62 75 
035E0: 6C 75 6D 20 6D 61 75 72 69 73 20 70 75 6C 76 69 
035F0: 6E 61 72 20 76 6F 6C 75 74 70 61 74 2E 20 49 6E 
03600: 20 72 75 74 72 75 6D 20 75 72 6E 61 20 6E 69 62 
03610: 68 2C 20 75 74 20 70 72 65 74 69 75 6D 20 75 72 
03620: 6E 61 20 70 6C 61 63 65 72 61 74 20 73 65 64 2E 
03630: 20 49 6E 74 65 67 65 72 20 69 64 20 68 65 6E 64 
03640: 72 65 72 69 74 20 6E 65 71 75 65 2E 20 53 75 73 
03650: 70 65 6E 64 69 73 73 65 20 66 65 72 6D 65 6E 74 
03660: 75 6D 20 66 65 75 67 69 61 74 20 61 75 63 74 6F 
03670: 72 2E 20 46 75 73 63 65 20 65 67 65 74 20 6D 69 
03680: 20 65 67 65 74 20 74 75 72 70 69 73 20 66 61 63 
03690: 69 6C 69 73 69 73 20 66 65 75 67 69 61 74 20 65 
036A0: 75 20 6C 6F 62 6F 72 74 69 73 20 76 65 6C 69 74 
036B0: 2E 20 53 75 73 70 65 6E 64 69 73 73 65 20 61 20 
036C0: 73 75 73 63 69 70 69 74 20 72 69 73 75 73 2E 20 
036D0: 4E 61 6D 20 63 6F 6E 64 69 6D 65 6E 74 75 6D 20 
036E0: 6D 61 73 73 61 20 6E 65 63 20 65 66 66 69 63 69 
036F0: 74 75 72 20 65 67 65 73 74 61 73 2E 0D 0A 0D 0A 
03700: 41 65 6E 65 61 6E 20 63 6F 6E 73 65 71 75 61 74 
03710: 20 6C 69 67 75 6C 61 20 74 65 6C 6C 75 73 2C 20 
03720: 73 69 74 20 61 6D 65 74 20 76 6F 6C 75 74 70 61 
03730: 74 20 61 72 63 75 20 67 72 61 76 69 64 61 20 61 
03740: 74 2E 20 4E 75 6C 6C 61 6D 20 66 61 63 69 6C 69 
03750: 73 69 73 20 65 72 6F 73 20 76 65 6C 20 66 61 63 
03760: 69 6C 69 73 69 73 20 73 63 65 6C 65 72 69 73 71 
03770: 75 65 2E 20 4E 75 6E 63 20 65 67 65 74 20 70 72 
03780: 65 74 69 75 6D 20 6D 61 75 72 69 73 2E 20 41 6C 
03790: 69 71 75 61 6D 20 65 75 20 6D 61 67 6E 61 20 65 
037A0: 75 69 73 6D 6F 64 2C 20 69 61 63 75 6C 69 73 20 
037B0: 6D 65 74 75 73 20 69 6E 2C 20 63 6F 6E 76 61 6C 
037C0: 6C 69 73 20 65 72 6F 73 2E 20 44 6F 6E 65 63 20 
037D0: 71 75 69 73 20 73 65 6D 20 6E 65 63 20 65 72 61 
037E0: 74 20 66 69 6E 69 62 75 73 20 76 61 72 69 75 73 
037F0: 20 65 75 20 71 75 69 73 20 6E 75 6E 63 2E 20 4E 
03800: 61 6D 20 62 69 62 65 6E 64 75 6D 2C 20 64 75 69 
03810: 20 61 74 20 70 6F 73 75 65 72 65 20 6D 6F 6C 65 
03820: 73 74 69 65 2C 20 73 61 70 69 65 6E 20 65 6E 69 
03830: 6D 20 6D 6F 6C 6C 69 73 20 64 69 61 6D 2C 20 65 
03840: 74 20 75 6C 74 72 69 63 69 65 73 20 6A 75 73 74 
03850: 6F 20 61 75 67 75 65 20 61 20 65 6E 69 6D 2E 20 
03860: 50 72 6F 69 6E 20 74 69 6E 63 69 64 75 6E 74 20 
03870: 6C 65 63 74 75 73 20 6C 6F 62 6F 72 74 69 73 20 
03880: 66 65 72 6D 65 6E 74 75 6D 20 6C 6F 62 6F 72 74 
03890: 69 73 2E 20 53 75 73 70 65 6E 64 69 73 73 65 20 
038A0: 74 69 6E 63 69 64 75 6E 74 20 61 74 20 70 75 72 
038B0: 75 73 20 76 65 6C 20 70 75 6C 76 69 6E 61 72 2E 
038C0: 20 44 75 69 73 20 75 6C 6C 61 6D 63 6F 72 70 65 
038D0: 72 20 73 6F 6C 6C 69 63 69 74 75 64 69 6E 20 6E 
038E0: 69 62 68 20 71 75 69 73 20 75 6C 74 72 69 63 65 
038F0: 73 2E 0D 0A 0D 0A 43 75 72 61 62 69 74 75 72 20 
03900: 76 65 68 69 63 75 6C 61 20 71 75 61 6D 20 61 63 
03910: 20 66 69 6E 69 62 75 73 20 64 69 67 6E 69 73 73 
03920: 69 6D 2E 20 53 65 64 20 73 61 70 69 65 6E 20 6C 
03930: 6F 72 65 6D 2C 20 73 6F 6C 6C 69 63 69 74 75 64 
03940: 69 6E 20 61 74 20 74 6F 72 74 6F 72 20 69 6E 2C 
03950: 20 76 75 6C 70 75 74 61 74 65 20 76 75 6C 70 75 
03960: 74 61 74 65 20 6A 75 73 74 6F 2E 20 56 69 76 61 
03970: 6D 75 73 20 61 6C 69 71 75 61 6D 20 6F 72 63 69 
03980: 20 69 64 20 6D 61 78 69 6D 75 73 20 73 6F 64 61 
03990: 6C 65 73 2E 20 56 65 73 74 69 62 75 6C 75 6D 20 
039A0: 61 75 63 74 6F 72 20 63 75 72 73 75 73 20 6A 75 
039B0: 73 74 6F 20 76 61 72 69 75 73 20 72 75 74 72 75 
039C0: 6D 2E 20 4E 75 6C 6C 61 6D 20 74 69 6E 63 69 64 
039D0: 75 6E 74 20 65 75 20 74 6F 72 74 6F 72 20 76 69 
039E0: 76 65 72 72 61 20 70 6F 72 74 74 69 74 6F 72 2E 
039F0: 20 55 74 20 66 65 75 67 69 61 74 20 65 6C 69 74 
03A00: 20 69 64 20 76 69 76 65 72 72 61 20 64 69 67 6E 
03A10: 69 73 73 69 6D 2E 20 56 69 76 61 6D 75 73 20 73 
03A20: 6F 64 61 6C 65 73 20 66 65 72 6D 65 6E 74 75 6D 
03A30: 20 63 6F 6E 73 65 63 74 65 74 75 72 2E 20 4D 61 
03A40: 75 72 69 73 20 6E 65 63 20 63 6F 6E 73 65 63 74 
03A50: 65 74 75 72 20 65 78 2C 20 65 75 20 70 75 6C 76 
03A60: 69 6E 61 72 20 64 69 61 6D 2E 20 43 75 72 61 62 
03A70: 69 74 75 72 20 66 65 75 67 69 61 74 20 64 61 70 
03A80: 69 62 75 73 20 6C 69 67 75 6C 61 2C 20 65 75 20 
03A90: 75 6C 74 72 69 63 69 65 73 20 65 6E 69 6D 20 65 
03AA0: 75 69 73 6D 6F 64 20 75 74 2E 20 45 74 69 61 6D 
03AB0: 20 6D 61 78 69 6D 75 73 20 65 74 20 73 61 70 69 
03AC0: 65 6E 20 75 74 20 65 66 66 69 63 69 74 75 72 2E 
03AD0: 20 51 75 69 73 71 75 65 20 75 74 20 6D 61 74 74 
03AE0: 69 73 20 6C 65 63 74 75 73 2E 0D 0A 0D 0A 50 65 
03AF0: 6C 6C 65 6E 74 65 73 71 75 65 20 6E 65 63 20 63 
03B00: 6F 6E 64 69 6D 65 6E 74 75 6D 20 64 6F 6C 6F 72 
03B10: 2E 20 4D 6F 72 62 69 20 69 61 63 75 6C 69 73 20 
03B20: 70 68 61 72 65 74 72 61 20 64 69 63 74 75 6D 2E 
03B30: 20 43 72 61 73 20 73 6F 64 61 6C 65 73 20 64 61 
03B40: 70 69 62 75 73 20 65 78 2C 20 61 63 20 73 6F 64 
03B50: 61 6C 65 73 20 72 69 73 75 73 2E 20 44 75 69 73 
03B60: 20 70 6F 72 74 61 20 61 75 67 75 65 20 6C 65 6F 
03B70: 2C 20 65 67 65 74 20 6C 6F 62 6F 72 74 69 73 20 
03B80: 66 65 6C 69 73 20 65 67 65 73 74 61 73 20 73 69 
03B90: 74 20 61 6D 65 74 2E 20 53 65 64 20 6D 61 74 74 
03BA0: 69 73 20 70 6F 72 74 74 69 74 6F 72 20 70 65 6C 
03BB0: 6C 65 6E 74 65 73 71 75 65 2E 20 44 6F 6E 65 63 
03BC0: 20 6D 6F 6C 6C 69 73 20 6C 6F 62 6F 72 74 69 73 
03BD0: 20 74 65 6C 6C 75 73 20 61 74 20 74 65 6D 70 75 
03BE0: 73 2E 20 46 75 73 63 65 20 74 65 6C 6C 75 73 20 
03BF0: 76 65 6C 69 74 2C 20 63 6F 6E 67 75 65 20 69 64 
03C00: 20 64 6F 6C 6F 72 20 6E 6F 6E 2C 20 65 66 66 69 
03C10: 63 69 74 75 72 20 73 75 73 63 69 70 69 74 20 6F 
03C20: 64 69 6F 2E 20 41 6C 69 71 75 61 6D 20 76 65 73 
03C30: 74 69 62 75 6C 75 6D 20 68 65 6E 64 72 65 72 69 
03C40: 74 20 6D 69 20 61 63 20 70 65 6C 6C 65 6E 74 65 
03C50: 73 71 75 65 2E 20 4E 75 6C 6C 61 20 6F 64 69 6F 
03C60: 20 65 72 61 74 2C 20 61 6C 69 71 75 61 6D 20 73 
03C70: 69 74 20 61 6D 65 74 20 6C 61 63 69 6E 69 61 20 
03C80: 61 2C 20 63 75 72 73 75 73 20 70 65 6C 6C 65 6E 
03C90: 74 65 73 71 75 65 20 6E 69 73 69 2E 20 49 6E 20 
03CA0: 61 6C 69 71 75 61 6D 20 65 6C 69 74 20 65 75 20 
03CB0: 74 65 6C 6C 75 73 20 76 6F 6C 75 74 70 61 74 20 
03CC0: 69 6D 70 65 72 64 69 65 74 2E 20 44 75 69 73 20 
03CD0: 76 61 72 69 75 73 20 6D 61 74 74 69 73 20 76 65 
03CE0: 68 69 63 75 6C 61 2E 20 43 72 61 73 20 65 74 20 
03CF0: 63 6F 6E 73 65 71 75 61 74 20 70 75 72 75 73 2E 
03D00: 20 44 6F 6E 65 63 20 70 72 65 74 69 75 6D 20 6E 
03D10: 69 73 6C 20 6C 65 63 74 75 73 2C 20 76 69 74 61 
03D20: 65 20 75 6C 74 72 69 63 69 65 73 20 6E 75 6C 6C 
03D30: 61 20 70 75 6C 76 69 6E 61 72 20 6E 6F 6E 2E 20 
03D40: 53 65 64 20 61 63 20 70 6C 61 63 65 72 61 74 20 
03D50: 65 72 6F 73 2E 20 4D 6F 72 62 69 20 65 75 20 6D 
03D60: 61 67 6E 61 20 75 74 20 74 6F 72 74 6F 72 20 6C 
03D70: 61 63 69 6E 69 61 20 70 65 6C 6C 65 6E 74 65 73 
03D80: 71 75 65 20 76 65 6C 20 76 69 74 61 65 20 76 65 
03D90: 6C 69 74 2E 0D 0A 0D 0A 43 75 72 61 62 69 74 75 
03DA0: 72 20 70 68 61 72 65 74 72 61 2C 20 75 72 6E 61 
03DB0: 20 73 69 74 20 61 6D 65 74 20 6C 61 63 69 6E 69 
03DC0: 61 20 72 75 74 72 75 6D 2C 20 65 72 6F 73 20 6E 
03DD0: 75 6C 6C 61 20 65 75 69 73 6D 6F 64 20 6C 6F 72 
03DE0: 65 6D 2C 20 61 20 6C 75 63 74 75 73 20 74 65 6C 
03DF0: 6C 75 73 20 6D 61 73 73 61 20 61 63 20 72 69 73 
03E00: 75 73 2E 20 4E 75 6C 6C 61 20 6D 61 78 69 6D 75 
03E10: 73 20 65 6C 69 74 20 61 63 20 73 61 67 69 74 74 
03E20: 69 73 20 70 6C 61 63 65 72 61 74 2E 20 56 65 73 
03E30: 74 69 62 75 6C 75 6D 20 6C 6F 62 6F 72 74 69 73 
03E40: 20 73 6F 6C 6C 69 63 69 74 75 64 69 6E 20 6C 65 
03E50: 6F 2C 20 76 65 73 74 69 62 75 6C 75 6D 20 65 75 
03E60: 69 73 6D 6F 64 20 75 72 6E 61 20 76 61 72 69 75 
03E70: 73 20 74 72 69 73 74 69 71 75 65 2E 20 53 65 64 
03E80: 20 64 69 63 74 75 6D 20 73 65 6D 20 6F 64 69 6F 
03E90: 2C 20 73 69 74 20 61 6D 65 74 20 6F 72 6E 61 72 
03EA0: 65 20 73 65 6D 20 62 6C 61 6E 64 69 74 20 73 69 
03EB0: 74 20 61 6D 65 74 2E 20 49 6E 20 75 6C 74 72 69 
03EC0: 63 69 65 73 20 6E 75 6C 6C 61 20 69 6E 20 73 65 
03ED0: 6D 20 69 61 63 75 6C 69 73 20 72 68 6F 6E 63 75 
03EE0: 73 2E 20 46 75 73 63 65 20 76 65 6E 65 6E 61 74 
03EF0: 69 73 20 72 69 73 75 73 20 6E 6F 6E 20 61 72 63 
03F00: 75 20 65 6C 65 6D 65 6E 74 75 6D 2C 20 61 20 66 
03F10: 65 72 6D 65 6E 74 75 6D 20 73 61 70 69 65 6E 20 
03F20: 6D 6F 6C 6C 69 73 2E 20 49 6E 20 65 75 20 76 6F 
03F30: 6C 75 74 70 61 74 20 6C 65 6F 2C 20 69 64 20 61 
03F40: 6C 69 71 75 65 74 20 6E 69 73 6C 2E 0D 0A 0D 0A 
03F50: 49 6E 20 65 75 69 73 6D 6F 64 20 6E 65 71 75 65 
03F60: 20 73 65 6D 2C 20 76 65 6C 20 6F 72 6E 61 72 65 
03F70: 20 6C 6F 72 65 6D 20 64 69 63 74 75 6D 20 61 74 
03F80: 2E 20 4E 75 6E 63 20 61 6C 69 71 75 65 74 20 61 
03F90: 63 20 75 72 6E 61 20 63 6F 6E 73 65 63 74 65 74 
03FA0: 75 72 20 6C 61 63 69 6E 69 61 2E 20 49 6E 74 65 
03FB0: 67 65 72 20 67 72 61 76 69 64 61 20 73 65 64 20 
03FC0: 6C 69 67 75 6C 61 20 65 74 20 6C 61 63 69 6E 69 
03FD0: 61 2E 20 4E 75 6C 6C 61 20 73 6F 6C 6C 69 63 69 
03FE0: 74 75 64 69 6E 20 70 75 6C 76 69 6E 61 72 20 6C 
03FF0: 61 63 75 73 2C 20 75 74 20 69 6E 74 65 72 64 75 
04000: 6D 20 75 72 6E 61 20 64 61 70 69 62 75 73 20 65 
04010: 67 65 74 2E 20 53 65 64 20 61 74 20 70 75 6C 76 
04020: 69 6E 61 72 20 73 61 70 69 65 6E 2E 20 56 65 73 
04030: 74 69 62 75 6C 75 6D 20 6F 72 63 69 20 73 65 6D 
04040: 2C 20 63 6F 6E 64 69 6D 65 6E 74 75 6D 20 71 75 
04050: 69 73 20 73 75 73 63 69 70 69 74 20 69 6E 2C 20 
04060: 76 69 76 65 72 72 61 20 61 20 72 69 73 75 73 2E 
04070: 20 44 6F 6E 65 63 20 74 65 6D 70 75 73 20 74 65 
04080: 6C 6C 75 73 20 71 75 69 73 20 6E 75 6C 6C 61 20 
04090: 61 6C 69 71 75 65 74 2C 20 76 65 6C 20 76 61 72 
040A0: 69 75 73 20 69 70 73 75 6D 20 74 72 69 73 74 69 
040B0: 71 75 65 2E 20 46 75 73 63 65 20 6D 6F 6C 6C 69 
040C0: 73 20 65 72 6F 73 20 61 63 20 76 65 68 69 63 75 
040D0: 6C 61 20 70 6F 73 75 65 72 65 2E 20 41 6C 69 71 
040E0: 75 61 6D 20 6C 61 6F 72 65 65 74 20 70 75 6C 76 
040F0: 69 6E 61 72 20 61 72 63 75 2C 20 65 74 20 63 6F 
04100: 6E 76 61 6C 6C 69 73 20 72 69 73 75 73 20 75 6C 
04110: 6C 61 6D 63 6F 72 70 65 72 20 61 74 2E 0D 0A 0D 
04120: 0A 56 69 76 61 6D 75 73 20 73 61 67 69 74 74 69 
04130: 73 20 6C 61 63 75 73 20 6C 65 63 74 75 73 2C 20 
04140: 76 69 74 61 65 20 70 65 6C 6C 65 6E 74 65 73 71 
04150: 75 65 20 6C 6F 72 65 6D 20 73 6F 6C 6C 69 63 69 
04160: 74 75 64 69 6E 20 65 67 65 74 2E 20 55 74 20 73 
04170: 63 65 6C 65 72 69 73 71 75 65 20 6E 69 73 6C 20 
04180: 69 64 20 6E 69 73 69 20 62 6C 61 6E 64 69 74 2C 
04190: 20 73 69 74 20 61 6D 65 74 20 63 6F 6E 73 65 71 
041A0: 75 61 74 20 61 6E 74 65 20 61 75 63 74 6F 72 2E 
041B0: 20 53 65 64 20 61 74 20 61 75 63 74 6F 72 20 6D 
041C0: 61 73 73 61 2E 20 49 6E 74 65 67 65 72 20 6C 6F 
041D0: 62 6F 72 74 69 73 20 76 69 74 61 65 20 65 6E 69 
041E0: 6D 20 65 74 20 70 75 6C 76 69 6E 61 72 2E 20 50 
041F0: 72 6F 69 6E 20 6F 72 6E 61 72 65 2C 20 64 6F 6C 
04200: 6F 72 20 61 63 20 65 75 69 73 6D 6F 64 20 69 6D 
04210: 70 65 72 64 69 65 74 2C 20 72 69 73 75 73 20 6E 
04220: 69 73 6C 20 65 67 65 73 74 61 73 20 6C 65 6F 2C 
04230: 20 71 75 69 73 20 72 68 6F 6E 63 75 73 20 6E 69 
04240: 62 68 20 74 75 72 70 69 73 20 73 65 64 20 61 6E 
04250: 74 65 2E 20 41 65 6E 65 61 6E 20 61 20 64 6F 6C 
04260: 6F 72 20 61 74 20 71 75 61 6D 20 63 75 72 73 75 
04270: 73 20 65 6C 65 6D 65 6E 74 75 6D 2E 20 44 75 69 
04280: 73 20 6D 6F 6C 65 73 74 69 65 20 6D 65 74 75 73 
04290: 20 6E 65 71 75 65 2C 20 65 67 65 74 20 66 72 69 
042A0: 6E 67 69 6C 6C 61 20 76 65 6C 69 74 20 6D 61 78 
042B0: 69 6D 75 73 20 76 69 74 61 65 2E 20 4E 75 6C 6C 
042C0: 61 20 61 63 20 70 6C 61 63 65 72 61 74 20 65 6C 
042D0: 69 74 2E 20 41 65 6E 65 61 6E 20 73 6F 64 61 6C 
042E0: 65 73 20 6D 61 67 6E 61 20 66 65 6C 69 73 2C 20 
042F0: 65 74 20 70 6C 61 63 65 72 61 74 20 6D 61 73 73 
04300: 61 20 75 6C 74 72 69 63 65 73 20 69 6E 2E 20 50 
04310: 72 6F 69 6E 20 6E 65 71 75 65 20 6E 75 6C 6C 61 
04320: 2C 20 63 6F 6E 73 65 63 74 65 74 75 72 20 65 67 
04330: 65 74 20 69 61 63 75 6C 69 73 20 65 74 2C 20 66 
04340: 65 72 6D 65 6E 74 75 6D 20 61 74 20 6F 72 63 69 
04350: 2E 20 4E 75 6E 63 20 75 74 20 6C 65 63 74 75 73 
04360: 20 6E 6F 6E 20 70 75 72 75 73 20 76 65 6E 65 6E 
04370: 61 74 69 73 20 63 6F 6E 73 65 71 75 61 74 2E 20 
04380: 49 6E 74 65 67 65 72 20 69 64 20 6E 69 73 69 20 
04390: 61 72 63 75 2E 20 44 6F 6E 65 63 20 6D 6F 6C 6C 
043A0: 69 73 20 63 6F 6E 73 65 63 74 65 74 75 72 20 74 
043B0: 65 6D 70 6F 72 2E 20 44 6F 6E 65 63 20 73 61 67 
043C0: 69 74 74 69 73 2C 20 64 69 61 6D 20 71 75 69 73 
043D0: 20 63 6F 6D 6D 6F 64 6F 20 6D 6F 6C 65 73 74 69 
043E0: 65 2C 20 70 75 72 75 73 20 6E 69 73 6C 20 74 69 
043F0: 6E 63 69 64 75 6E 74 20 61 75 67 75 65 2C 20 73 
04400: 69 74 20 61 6D 65 74 20 70 6C 61 63 65 72 61 74 
04410: 20 66 65 6C 69 73 20 61 75 67 75 65 20 61 75 63 
04420: 74 6F 72 20 6C 65 6F 2E 0D 0A 0D 0A 49 6E 74 65 
04430: 67 65 72 20 64 61 70 69 62 75 73 20 66 65 72 6D 
04440: 65 6E 74 75 6D 20 66 72 69 6E 67 69 6C 6C 61 2E 
04450: 20 56 65 73 74 69 62 75 6C 75 6D 20 74 72 69 73 
04460: 74 69 71 75 65 20 64 75 69 20 76 69 74 61 65 20 
04470: 65 6E 69 6D 20 64 61 70 69 62 75 73 20 70 75 6C 
04480: 76 69 6E 61 72 2E 20 46 75 73 63 65 20 75 6C 74 
04490: 72 69 63 65 73 20 70 6C 61 63 65 72 61 74 20 6F 
044A0: 64 69 6F 20 73 69 74 20 61 6D 65 74 20 73 63 65 
044B0: 6C 65 72 69 73 71 75 65 2E 20 55 74 20 6D 61 6C 
044C0: 65 73 75 61 64 61 20 76 65 68 69 63 75 6C 61 20 
044D0: 70 75 72 75 73 20 6E 65 63 20 63 6F 6D 6D 6F 64 
044E0: 6F 2E 20 53 75 73 70 65 6E 64 69 73 73 65 20 75 
044F0: 6C 74 72 69 63 65 73 20 66 72 69 6E 67 69 6C 6C 
04500: 61 20 74 65 6C 6C 75 73 2E 20 53 65 64 20 75 6C 
04510: 6C 61 6D 63 6F 72 70 65 72 20 73 63 65 6C 65 72 
04520: 69 73 71 75 65 20 61 72 63 75 2C 20 73 65 64 20 
04530: 6C 6F 62 6F 72 74 69 73 20 6E 75 6E 63 20 72 75 
04540: 74 72 75 6D 20 65 67 65 74 2E 20 56 65 73 74 69 
04550: 62 75 6C 75 6D 20 65 67 65 74 20 64 75 69 20 73 
04560: 65 6D 2E 20 44 75 69 73 20 76 75 6C 70 75 74 61 
04570: 74 65 20 61 75 67 75 65 20 65 67 65 74 20 65 6C 
04580: 69 74 20 62 6C 61 6E 64 69 74 20 76 65 73 74 69 
04590: 62 75 6C 75 6D 2E 20 4D 61 75 72 69 73 20 61 75 
045A0: 67 75 65 20 65 78 2C 20 72 75 74 72 75 6D 20 61 
045B0: 74 20 75 72 6E 61 20 73 65 64 2C 20 61 6C 69 71 
045C0: 75 61 6D 20 74 72 69 73 74 69 71 75 65 20 6C 65 
045D0: 6F 2E 20 4D 61 75 72 69 73 20 61 6C 69 71 75 61 
045E0: 6D 20 6F 72 6E 61 72 65 20 61 6C 69 71 75 65 74 
045F0: 2E 20 53 65 64 20 6E 6F 6E 20 72 69 73 75 73 20 
04600: 73 65 6D 70 65 72 2C 20 76 69 76 65 72 72 61 20 
04610: 61 75 67 75 65 20 73 65 64 2C 20 63 6F 6E 64 69 
04620: 6D 65 6E 74 75 6D 20 61 72 63 75 2E 20 4D 61 75 
04630: 72 69 73 20 72 69 73 75 73 20 6C 65 6F 2C 20 6D 
04640: 61 78 69 6D 75 73 20 6E 6F 6E 20 65 75 69 73 6D 
04650: 6F 64 20 73 65 64 2C 20 73 6F 64 61 6C 65 73 20 
04660: 69 6E 20 6D 61 75 72 69 73 2E 0D 0A 0D 0A 44 6F 
04670: 6E 65 63 20 68 65 6E 64 72 65 72 69 74 2C 20 65 
04680: 6E 69 6D 20 65 74 20 63 75 72 73 75 73 20 6C 6F 
04690: 62 6F 72 74 69 73 2C 20 74 75 72 70 69 73 20 6E 
046A0: 69 73 6C 20 73 65 6D 70 65 72 20 70 75 72 75 73 
046B0: 2C 20 61 74 20 63 6F 6E 64 69 6D 65 6E 74 75 6D 
046C0: 20 6E 75 6C 6C 61 20 6E 69 62 68 20 73 65 6D 70 
046D0: 65 72 20 70 75 72 75 73 2E 20 4D 61 65 63 65 6E 
046E0: 61 73 20 61 20 66 65 6C 69 73 20 65 75 20 6E 69 
046F0: 73 6C 20 69 61 63 75 6C 69 73 20 76 69 76 65 72 
04700: 72 61 2E 20 41 65 6E 65 61 6E 20 75 6C 74 72 69 
04710: 63 65 73 20 70 6F 72 74 74 69 74 6F 72 20 66 65 
04720: 75 67 69 61 74 2E 20 50 68 61 73 65 6C 6C 75 73 
04730: 20 69 6E 20 64 69 67 6E 69 73 73 69 6D 20 74 75 
04740: 72 70 69 73 2E 20 50 65 6C 6C 65 6E 74 65 73 71 
04750: 75 65 20 6E 65 63 20 6D 69 20 69 64 20 6D 69 20 
04760: 63 6F 6E 76 61 6C 6C 69 73 20 73 63 65 6C 65 72 
04770: 69 73 71 75 65 2E 20 43 75 72 61 62 69 74 75 72 
04780: 20 68 65 6E 64 72 65 72 69 74 20 61 72 63 75 20 
04790: 76 65 6C 20 70 65 6C 6C 65 6E 74 65 73 71 75 65 
047A0: 20 70 65 6C 6C 65 6E 74 65 73 71 75 65 2E 20 46 
047B0: 75 73 63 65 20 66 65 72 6D 65 6E 74 75 6D 20 66 
047C0: 61 63 69 6C 69 73 69 73 20 63 6F 6E 76 61 6C 6C 
047D0: 69 73 2E 20 49 6E 20 62 6C 61 6E 64 69 74 20 65 
047E0: 75 20 74 6F 72 74 6F 72 20 73 65 64 20 75 6C 74 
047F0: 72 69 63 65 73 2E 20 43 75 72 61 62 69 74 75 72 
04800: 20 76 65 6C 69 74 20 61 75 67 75 65 2C 20 70 68 
04810: 61 72 65 74 72 61 20 71 75 69 73 20 66 69 6E 69 
04820: 62 75 73 20 65 75 2C 20 61 75 63 74 6F 72 20 75 
04830: 74 20 65 78 2E 20 4E 75 6C 6C 61 6D 20 63 6F 6D 
04840: 6D 6F 64 6F 2C 20 74 65 6C 6C 75 73 20 74 69 6E 
04850: 63 69 64 75 6E 74 20 6D 6F 6C 6C 69 73 20 64 69 
04860: 67 6E 69 73 73 69 6D 2C 20 73 65 6D 20 72 69 73 
04870: 75 73 20 63 6F 6E 67 75 65 20 6E 65 71 75 65 2C 
04880: 20 70 68 61 72 65 74 72 61 20 6D 6F 6C 65 73 74 
04890: 69 65 20 6E 69 73 6C 20 64 6F 6C 6F 72 20 61 63 
048A0: 20 6E 69 62 68 2E 20 4D 61 65 63 65 6E 61 73 20 
048B0: 66 61 63 69 6C 69 73 69 73 20 6E 75 6C 6C 61 20 
048C0: 65 78 2C 20 61 63 20 73 6F 6C 6C 69 63 69 74 75 
048D0: 64 69 6E 20 6A 75 73 74 6F 20 63 6F 6E 76 61 6C 
048E0: 6C 69 73 20 6E 65 63 2E 20 44 6F 6E 65 63 20 65 
048F0: 67 65 74 20 6C 61 63 75 73 20 65 75 20 6E 75 6C 
04900: 6C 61 20 68 65 6E 64 72 65 72 69 74 20 64 69 63 
04910: 74 75 6D 2E 20 49 6E 74 65 67 65 72 20 73 61 67 
04920: 69 74 74 69 73 20 61 74 20 6E 65 71 75 65 20 65 
04930: 67 65 74 20 66 72 69 6E 67 69 6C 6C 61 2E 20 53 
04940: 75 73 70 65 6E 64 69 73 73 65 20 74 65 6D 70 6F 
04950: 72 20 6D 6F 6C 6C 69 73 20 6C 69 67 75 6C 61 2C 
04960: 20 61 20 70 72 65 74 69 75 6D 20 6C 69 67 75 6C 
04970: 61 20 63 6F 6E 73 65 63 74 65 74 75 72 20 69 6E 
04980: 2E 20 46 75 73 63 65 20 6C 6F 62 6F 72 74 69 73 
04990: 20 74 75 72 70 69 73 20 69 64 20 72 69 73 75 73 
049A0: 20 66 65 72 6D 65 6E 74 75 6D 2C 20 65 75 20 70 
049B0: 6F 72 74 61 20 6C 69 67 75 6C 61 20 66 69 6E 69 
049C0: 62 75 73 2E 20 50 72 61 65 73 65 6E 74 20 73 69 
049D0: 74 20 61 6D 65 74 20 65 66 66 69 63 69 74 75 72 
049E0: 20 74 75 72 70 69 73 2E 0D 0A 0D 0A 4F 72 63 69 
049F0: 20 76 61 72 69 75 73 20 6E 61 74 6F 71 75 65 20 
04A00: 70 65 6E 61 74 69 62 75 73 20 65 74 20 6D 61 67 
04A10: 6E 69 73 20 64 69 73 20 70 61 72 74 75 72 69 65 
04A20: 6E 74 20 6D 6F 6E 74 65 73 2C 20 6E 61 73 63 65 
04A30: 74 75 72 20 72 69 64 69 63 75 6C 75 73 20 6D 75 
04A40: 73 2E 20 43 72 61 73 20 75 74 20 63 6F 6D 6D 6F 
04A50: 64 6F 20 73 61 70 69 65 6E 2C 20 65 74 20 61 63 
04A60: 63 75 6D 73 61 6E 20 6E 69 73 69 2E 20 50 68 61 
04A70: 73 65 6C 6C 75 73 20 71 75 69 73 20 64 6F 6C 6F 
04A80: 72 20 65 74 20 6C 65 63 74 75 73 20 73 6F 6C 6C 
04A90: 69 63 69 74 75 64 69 6E 20 74 65 6D 70 6F 72 20 
04AA0: 65 67 65 74 20 76 69 74 61 65 20 6C 69 62 65 72 
04AB0: 6F 2E 20 50 72 6F 69 6E 20 65 75 69 73 6D 6F 64 
04AC0: 20 6C 6F 72 65 6D 20 6E 6F 6E 20 76 65 6E 65 6E 
04AD0: 61 74 69 73 20 70 68 61 72 65 74 72 61 2E 20 4E 
04AE0: 61 6D 20 74 69 6E 63 69 64 75 6E 74 20 65 72 6F 
04AF0: 73 20 61 63 20 6C 69 67 75 6C 61 20 73 6F 6C 6C 
04B00: 69 63 69 74 75 64 69 6E 2C 20 65 67 65 74 20 74 
04B10: 65 6D 70 6F 72 20 6E 69 73 69 20 62 6C 61 6E 64 
04B20: 69 74 2E 20 50 72 6F 69 6E 20 6A 75 73 74 6F 20 
04B30: 61 6E 74 65 2C 20 70 68 61 72 65 74 72 61 20 65 
04B40: 74 20 66 61 63 69 6C 69 73 69 73 20 63 6F 6E 73 
04B50: 65 71 75 61 74 2C 20 76 69 76 65 72 72 61 20 72 
04B60: 75 74 72 75 6D 20 6E 69 73 6C 2E 20 4E 75 6E 63 
04B70: 20 74 75 72 70 69 73 20 6C 65 6F 2C 20 73 6F 6C 
04B80: 6C 69 63 69 74 75 64 69 6E 20 71 75 69 73 20 6C 
04B90: 69 62 65 72 6F 20 61 2C 20 76 75 6C 70 75 74 61 
04BA0: 74 65 20 74 69 6E 63 69 64 75 6E 74 20 66 65 6C 
04BB0: 69 73 2E 20 50 65 6C 6C 65 6E 74 65 73 71 75 65 
04BC0: 20 67 72 61 76 69 64 61 20 75 72 6E 61 20 61 63 
04BD0: 20 64 75 69 20 6D 61 6C 65 73 75 61 64 61 2C 20 
04BE0: 65 6C 65 6D 65 6E 74 75 6D 20 63 6F 6E 76 61 6C 
04BF0: 6C 69 73 20 65 6E 69 6D 20 63 6F 6D 6D 6F 64 6F 
04C00: 2E 20 50 68 61 73 65 6C 6C 75 73 20 76 69 76 65 
04C10: 72 72 61 20 6C 6F 72 65 6D 20 73 69 74 20 61 6D 
04C20: 65 74 20 74 65 6D 70 75 73 20 66 65 72 6D 65 6E 
04C30: 74 75 6D 2E 20 51 75 69 73 71 75 65 20 63 6F 6E 
04C40: 67 75 65 20 74 69 6E 63 69 64 75 6E 74 20 64 6F 
04C50: 6C 6F 72 2C 20 76 69 74 61 65 20 73 65 6D 70 65 
04C60: 72 20 6C 69 62 65 72 6F 20 65 6C 65 6D 65 6E 74 
04C70: 75 6D 20 61 63 2E 20 55 74 20 69 6D 70 65 72 64 
04C80: 69 65 74 2C 20 6E 69 62 68 20 75 74 20 6F 72 6E 
04C90: 61 72 65 20 76 61 72 69 75 73 2C 20 69 70 73 75 
04CA0: 6D 20 6F 64 69 6F 20 66 61 75 63 69 62 75 73 20 
04CB0: 6C 61 63 75 73 2C 20 75 74 20 70 68 61 72 65 74 
04CC0: 72 61 20 6D 61 67 6E 61 20 64 6F 6C 6F 72 20 61 
04CD0: 20 6C 69 62 65 72 6F 2E 20 56 65 73 74 69 62 75 
04CE0: 6C 75 6D 20 73 65 64 20 76 61 72 69 75 73 20 6C 
04CF0: 69 62 65 72 6F 2E 20 44 75 69 73 20 61 20 63 6F 
04D00: 6E 67 75 65 20 6C 65 6F 2E 0D 0A 0D 0A 4E 75 6C 
04D10: 6C 61 6D 20 6C 65 6F 20 61 6E 74 65 2C 20 64 69 
04D20: 63 74 75 6D 20 71 75 69 73 20 6C 6F 62 6F 72 74 
04D30: 69 73 20 61 75 63 74 6F 72 2C 20 67 72 61 76 69 
04D40: 64 61 20 73 69 74 20 61 6D 65 74 20 6E 69 73 69 
04D50: 2E 20 4D 61 65 63 65 6E 61 73 20 63 6F 6E 76 61 
04D60: 6C 6C 69 73 20 75 72 6E 61 20 65 6C 69 74 2C 20 
04D70: 69 64 20 68 65 6E 64 72 65 72 69 74 20 61 6E 74 
04D80: 65 20 65 66 66 69 63 69 74 75 72 20 71 75 69 73 
04D90: 2E 20 56 69 76 61 6D 75 73 20 65 75 20 76 65 6C 
04DA0: 69 74 20 69 6E 20 6A 75 73 74 6F 20 61 63 63 75 
04DB0: 6D 73 61 6E 20 66 69 6E 69 62 75 73 20 73 69 74 
04DC0: 20 61 6D 65 74 20 74 65 6D 70 75 73 20 6E 69 73 
04DD0: 6C 2E 20 50 72 61 65 73 65 6E 74 20 6C 6F 62 6F 
04DE0: 72 74 69 73 20 73 6F 6C 6C 69 63 69 74 75 64 69 
04DF0: 6E 20 6F 64 69 6F 2C 20 61 63 20 70 6F 72 74 61 
04E00: 20 65 72 6F 73 20 75 6C 6C 61 6D 63 6F 72 70 65 
04E10: 72 20 75 74 2E 20 53 65 64 20 76 69 74 61 65 20 
04E20: 66 65 6C 69 73 20 65 6E 69 6D 2E 20 44 6F 6E 65 
04E30: 63 20 71 75 69 73 20 65 72 61 74 20 76 75 6C 70 
04E40: 75 74 61 74 65 2C 20 76 65 68 69 63 75 6C 61 20 
04E50: 72 69 73 75 73 20 61 74 2C 20 70 6F 72 74 61 20 
04E60: 6E 75 6E 63 2E 20 4E 75 6C 6C 61 6D 20 74 69 6E 
04E70: 63 69 64 75 6E 74 20 65 6E 69 6D 20 65 6C 69 74 
04E80: 2C 20 65 74 20 66 65 72 6D 65 6E 74 75 6D 20 65 
04E90: 78 20 6D 61 6C 65 73 75 61 64 61 20 61 63 63 75 
04EA0: 6D 73 61 6E 2E 20 4D 61 65 63 65 6E 61 73 20 74 
04EB0: 65 6D 70 75 73 20 61 6C 69 71 75 61 6D 20 70 6F 
04EC0: 72 74 61 2E 20 4D 61 65 63 65 6E 61 73 20 64 6F 
04ED0: 6C 6F 72 20 75 72 6E 61 2C 20 74 65 6D 70 75 73 
04EE0: 20 65 75 20 74 69 6E 63 69 64 75 6E 74 20 65 67 
04EF0: 65 74 2C 20 6C 61 63 69 6E 69 61 20 71 75 69 73 
04F00: 20 75 72 6E 61 2E 20 53 65 64 20 70 6F 72 74 74 
04F10: 69 74 6F 72 20 6F 64 69 6F 20 6C 65 6F 2C 20 76 
04F20: 65 6C 20 6F 72 6E 61 72 65 20 72 69 73 75 73 20 
04F30: 69 61 63 75 6C 69 73 20 6E 65 63 2E 20 44 6F 6E 
04F40: 65 63 20 73 63 65 6C 65 72 69 73 71 75 65 20 64 
04F50: 75 69 20 6E 65 71 75 65 2C 20 6E 6F 6E 20 70 6F 
04F60: 73 75 65 72 65 20 6C 69 62 65 72 6F 20 65 6C 65 
04F70: 69 66 65 6E 64 20 69 6E 2E 20 49 6E 74 65 67 65 
04F80: 72 20 73 65 64 20 6C 69 62 65 72 6F 20 6E 69 73 
04F90: 69 2E 20 4E 75 6E 63 20 76 65 6C 20 70 75 72 75 
04FA0: 73 20 66 69 6E 69 62 75 73 2C 20 76 75 6C 70 75 
04FB0: 74 61 74 65 20 6C 65 6F 20 69 64 2C 20 74 72 69 
04FC0: 73 74 69 71 75 65 20 74 6F 72 74 6F 72 2E 20 4C 
04FD0: 6F 72 65 6D 20 69 70 73 75 6D 20 64 6F 6C 6F 72 
04FE0: 20 73 69 74 20 61 6D 65 74 2C 20 63 6F 6E 73 65 
04FF0: 63 74 65 74 75 72 20 61 64 69 70 69 73 63 69 6E 
05000: 67 20 65 6C 69 74 2E 20 46 75 73 63 65 20 73 61 
05010: 67 69 74 74 69 73 20 72 68 6F 6E 63 75 73 20 64 
05020: 75 69 20 6E 65 63 20 69 61 63 75 6C 69 73 2E 20 
05030: 4D 61 75 72 69 73 20 61 63 20 76 65 6E 65 6E 61 
05040: 74 69 73 20 6C 61 63 75 73 2E 20 4E 75 6E 63 20 
05050: 76 65 73 74 69 62 75 6C 75 6D 2C 20 65 78 20 76 
05060: 65 6C 20 74 65 6D 70 75 73 20 63 6F 6E 64 69 6D 
05070: 65 6E 74 75 6D 2C 20 73 61 70 69 65 6E 20 6C 65 
05080: 6F 20 69 6E 74 65 72 64 75 6D 20 74 6F 72 74 6F 
05090: 72 2C 20 65 67 65 74 20 66 65 72 6D 65 6E 74 75 
050A0: 6D 2E 0D 0A 0D 0A 47 65 6E 65 72 61 74 65 64 20 
050B0: 33 32 20 70 61 72 61 67 72 61 70 68 73 2C 20 33 
050C0: 30 30 30 20 77 6F 72 64 73 2C 20 32 30 32 39 35 
050D0: 20 62 79 74 65 73 20 6F 66 20 4C 6F 72 65 6D 20 
050E0: 49 70 73 75 6D 0D 0A 2B 2D 2D 2D 2D 2D 2D 20 D0 
050F0: 92 D1 80 D0 B5 D0 BC D0 B5 D0 BD D0 BD D0 B0 D1 
05100: 8F 20 D0 BC D0 B5 D1 82 D0 BA D0 B0 3A 20 53 75 
05110: 6E 20 4E 6F 76 20 30 37 20 31 31 3A 33 38 3A 30 
05120: 37 20 4D 53 4B 20 32 30 32 31 20 2D 2D 2D 2D 2D 
05130: 2D 2D 2B 0D 0A 
